5062921,THOMPSON       ,MB, station joined    , Monthly mean of homogenized daily mean temperature                     , Deg Celcius,          Updated to December 2017
5062921,THOMPSON       ,MB, station jointe    , Moyenne mensuelle des temperatures quotidiennes moyennes homogeneisees , Deg Celsius, Mise a jour jusqu a decembre 2017
 Year,     Jan, ,     Feb, ,     Mar, ,     Apr, ,     May, ,     Jun, ,     Jul, ,     Aug, ,     Sep, ,     Oct, ,     Nov, ,     Dec, ,  Annual, ,  Winter, ,  Spring, ,  Summer, ,  Autumn
Annee,    Janv, ,     Fev, ,    Mars, ,     Avr, ,     Mai, ,    Juin, ,    Juil, ,    Aout, ,    Sept, ,     Oct, ,     Nov, ,     Dec, ,  Annuel, ,   Hiver, ,Printemp, ,     Ete, , Automne
 1967, -9999.9,M, -9999.9,M, -9999.9,M,    -9.2, ,     3.3, ,    12.1, ,    14.9, ,    14.3, ,    11.1, ,    -1.2, ,   -12.7, ,   -18.3, , -9999.9,M, -9999.9,M, -9999.9,M,    13.8, ,    -0.9, 
 1968,   -27.0, ,   -22.9, ,   -11.3, ,    -3.0, ,     5.5, ,    10.5, ,    12.7, ,    10.7, ,     9.4, ,     0.5, ,   -11.3, ,   -22.0, ,    -4.0, ,   -22.7, ,    -2.9, ,    11.3, ,    -0.5, 
 1969,   -28.1, ,   -18.1, ,   -14.9, ,     0.6, ,     2.8, ,     8.0, ,    15.6, ,    15.5, ,     5.1, ,    -2.8, ,   -10.7, ,   -17.0, ,    -3.7, ,   -22.7, ,    -3.8, ,    13.0, ,    -2.8, 
 1970,   -24.5, ,   -24.0, ,   -15.3, ,    -4.3, ,     3.3, ,    14.0, ,    17.0, ,    13.8, ,     7.5, ,    -0.3, ,   -11.2, ,   -26.9, ,    -4.2, ,   -21.8, ,    -5.4, ,    14.9, ,    -1.3, 
 1971,   -25.5, ,   -17.9, ,   -14.4, ,    -2.0, ,     7.1, ,    13.8, ,    13.8, ,    13.8, ,     8.0, ,     1.6, ,   -12.2, ,   -21.6, ,    -3.0, ,   -23.4, ,    -3.1, ,    13.8, ,    -0.9, 
 1972,   -30.6, ,   -27.0, ,   -13.9, ,    -3.0, ,     7.7, ,    13.7, ,    13.5, ,    14.6, ,     3.7, ,    -3.3, ,   -13.9, ,   -26.8, ,    -5.4, ,   -26.4, ,    -3.1, ,    13.9, ,    -4.5, 
 1973,   -19.4, ,   -22.7, ,    -6.4, ,    -4.6, ,     7.8, ,    12.1, ,    15.9, ,    16.9, ,     7.5, ,     1.9, ,   -13.1, ,   -24.2, ,    -2.4, ,   -23.0, ,    -1.1, ,    15.0, ,    -1.2, 
 1974,   -30.6, ,   -23.9, ,   -18.9, ,    -3.0, ,     4.2, ,    12.1, ,    17.1, ,    13.0, ,     3.6, ,    -1.6, ,    -7.3, ,   -14.3, ,    -4.1, ,   -26.2, ,    -5.9, ,    14.1, ,    -1.8, 
 1975,   -27.5, ,   -20.7, ,   -15.6, ,    -1.2, ,     6.6, ,    13.2, ,    16.5, ,    12.9, ,     6.7, ,    -0.1, ,    -8.6, ,   -22.2, ,    -3.3, ,   -20.8, ,    -3.4, ,    14.2, ,    -0.7, 
 1976,   -24.9, ,   -21.0, ,   -15.9, ,     2.0, ,     8.5, ,    13.8, ,    15.9, ,    14.2, ,     8.5, ,    -0.8, ,   -11.9, ,   -26.4, ,    -3.2, ,   -22.7, ,    -1.8, ,    14.6, ,    -1.4, 
 1977,   -25.0, ,   -17.3, ,    -9.9, ,     0.5, ,    11.6, ,    13.6, ,    15.1, ,     9.9, ,     8.1, ,     4.3, ,   -10.3, ,   -23.4, ,    -1.9, ,   -22.9, ,     0.7, ,    12.9, ,     0.7, 
 1978,   -24.1, ,   -18.1, ,   -15.7, ,    -3.2, ,     7.6, ,    10.7, ,    14.4, ,    11.0, ,     5.9, ,     0.2, ,   -13.7, ,   -23.9, ,    -4.1, ,   -21.9, ,    -3.8, ,    12.0, ,    -2.5, 
 1979,   -25.5, ,   -29.0, ,   -16.8, ,    -4.1, ,     3.4, ,    12.0, ,    16.5, ,    11.0, ,     6.0, , -9999.9,M,   -11.1,E,   -15.0, , -9999.9,M,   -26.1, ,    -5.8, ,    13.2, , -9999.9,M
 1980,   -25.7, ,   -20.2, ,   -15.4, ,     2.8, ,     8.6, ,    11.1, ,    15.5, ,    13.2, ,     5.1, ,    -1.5, ,   -10.9, ,   -25.3, ,    -3.6, ,   -20.3, ,    -1.3, ,    13.3, ,    -2.4, 
 1981,   -18.6, ,   -16.0, ,    -8.4, ,    -6.4, ,     6.6, ,    11.7, ,    16.9, ,    16.8, ,     7.5, ,    -0.1, ,    -6.9, ,   -20.6, ,    -1.5, ,   -20.0, ,    -2.7, ,    15.1, ,     0.2, 
 1982,   -33.0, ,   -22.8, ,   -15.3, ,    -4.6, ,     7.2, ,    10.5, ,    16.0, ,    12.3, ,     8.0, ,     1.8, ,   -14.9, ,   -22.5, ,    -4.8, ,   -25.5, ,    -4.2, ,    12.9, ,    -1.7, 
 1983,   -21.6, ,   -21.1, ,   -13.8, ,    -4.5, ,     0.7, ,    13.3, ,    17.0, ,    17.5, ,     8.9, ,     2.7, ,    -4.9, ,   -26.0, ,    -2.7, ,   -21.7, ,    -5.9, ,    15.9, ,     2.2, 
 1984,   -26.3, ,   -15.3, ,   -13.2, ,     2.1, ,     4.9, ,    13.8, ,    17.0, ,    16.7, ,     5.5, ,     0.5, ,   -13.7, ,   -27.1, ,    -2.9, ,   -22.5, ,    -2.1, ,    15.8, ,    -2.6, 
 1985,   -22.7, ,   -24.3, ,   -10.5, ,    -1.6, ,     7.5, ,    10.7, ,    14.1, ,    13.2, ,     6.9, ,     0.0, ,   -17.7, ,   -22.7, ,    -3.9, ,   -24.7, ,    -1.5, ,    12.7, ,    -3.6, 
 1986,   -22.4, ,   -20.2, ,   -11.9, ,    -2.0, ,     8.9, ,    10.8, ,    13.7, ,    14.2, ,     6.1, ,     0.0, ,   -19.2, ,   -15.6, ,    -3.1, ,   -21.8, ,    -1.7, ,    12.9, ,    -4.4, 
 1987,   -19.5, ,   -15.7, ,   -10.1, ,     1.6, ,     7.9, ,    14.5, ,    15.5, ,    11.6, ,     9.8, ,     0.1, ,    -7.8, ,   -15.4, ,    -0.6, ,   -16.9, ,    -0.2, ,    13.9, ,     0.7, 
 1988,   -26.4, ,   -23.6, ,   -12.7, ,    -2.2, ,     6.4, ,    15.5, ,    16.7, ,    15.5, ,     8.5, ,    -0.4, ,    -9.8, ,   -21.8, ,    -2.9, ,   -21.8, ,    -2.8, ,    15.9, ,    -0.6, 
 1989,   -23.7, ,   -20.9, ,   -17.6, ,    -4.4, ,     7.0, ,    11.3, ,    19.2, ,    14.4, ,     7.5, ,     1.0, ,   -18.6, ,   -27.5, ,    -4.4, ,   -22.1, ,    -5.0, ,    15.0, ,    -3.4, 
 1990,   -24.6, ,   -23.6, ,    -9.1, ,    -4.5, ,     6.0, ,    12.3, ,    15.8, ,    14.8, ,     7.2, ,    -2.6, ,   -12.5, ,   -26.8, ,    -4.0, ,   -25.2, ,    -2.5, ,    14.3, ,    -2.6, 
 1991,   -29.3, ,   -17.8, ,   -11.7, ,    -0.7, ,     7.1, ,    14.2, ,    16.5, ,    15.8, ,     7.6, ,    -3.5, ,   -16.5, ,   -21.1, ,    -3.3, ,   -24.6, ,    -1.8, ,    15.5, ,    -4.1, 
 1992,   -21.2, ,   -20.1, ,   -12.0, ,    -3.8, ,     5.3, ,     9.7, ,    13.5, ,    12.9, ,     5.7, ,    -0.3, ,    -8.3, ,   -23.4, ,    -3.5, ,   -20.8, ,    -3.5, ,    12.0, ,    -1.0, 
 1993,   -21.2, ,   -21.5, ,   -11.3, ,    -0.5, ,     7.0, ,    11.4, ,    15.4, ,    14.0, ,     4.5, ,    -3.4, ,   -13.3, ,   -21.7, ,    -3.4, ,   -22.0, ,    -1.6, ,    13.6, ,    -4.1, 
 1994,   -30.8, ,   -26.9, ,   -10.9, ,    -4.6, ,     6.6, ,    13.8, ,    15.1, ,    13.3, ,    10.1, ,     2.3, ,    -9.8, ,   -17.1, ,    -3.2, ,   -26.5, ,    -3.0, ,    14.1, ,     0.9, 
 1995,   -20.6, ,   -22.8, ,   -12.0, ,    -5.6, ,     5.9, ,    15.5, ,    13.6, ,    14.9, ,     7.4, ,     0.1, ,   -17.4, ,   -21.2, ,    -3.5, ,   -20.2, ,    -3.9, ,    14.7, ,    -3.3, 
 1996,   -28.8, ,   -18.9, ,   -17.6, ,    -5.1, ,     3.9, ,    14.0, ,    16.8, ,    15.3, ,     8.5, ,    -1.1, ,   -15.2, ,   -22.9, ,    -4.3, ,   -23.0, ,    -6.3, ,    15.4, ,    -2.6, 
 1997,   -25.7, ,   -20.4, ,   -15.7, ,    -4.7, ,     3.3, ,    13.2, ,    17.4, ,    14.0, ,     9.4, ,    -2.1, ,   -12.1, ,   -14.8, ,    -3.2, ,   -23.0, ,    -5.7, ,    14.9, ,    -1.6, 
 1998,   -25.1, ,   -11.6, ,   -12.6, ,     2.5, ,     6.7, ,    13.6, ,    16.8, ,    16.4, ,     8.0, ,     2.1, ,    -8.3, ,   -21.4, ,    -1.1, ,   -17.2, ,    -1.1, ,    15.6, ,     0.6, 
 1999,   -23.5, ,   -16.0, ,    -9.1, ,     3.0, ,     8.5, ,    13.4, ,    15.9, ,    14.7, ,     7.5, ,    -0.5, ,    -7.5, ,   -19.0, ,    -1.1, ,   -20.3, ,     0.8, ,    14.7, ,    -0.2, 
 2000,   -24.3, ,   -15.1, ,    -8.0, ,    -3.3, ,     5.7, ,    10.2, ,    16.6, ,    14.3, ,     7.2, ,     2.9, ,   -11.8, ,   -26.7, ,    -2.7, ,   -19.5, ,    -1.9, ,    13.7, ,    -0.6, 
 2001,   -17.6, ,   -23.7, ,   -10.8, ,     0.4, ,     7.8, ,    11.6, ,    17.5, ,    15.2, ,     9.5, ,     0.3, ,    -7.3, ,   -17.4, ,    -1.2, ,   -22.7, ,    -0.9, ,    14.8, ,     0.8, 
 2002,   -23.7, ,   -19.3, ,   -17.8, ,    -7.0, ,     2.2, ,    13.3, ,    17.2, ,    14.8, ,     8.1, ,    -3.5, ,   -11.8, ,   -16.0, ,    -3.6, ,   -20.1, ,    -7.5, ,    15.1, ,    -2.4, 
 2003,   -21.0, ,   -26.1, ,   -15.5, ,    -2.5, ,     9.1, ,    13.6, ,    16.4, ,    17.1, ,     8.4, ,     1.4, ,   -11.7, ,   -16.1, ,    -2.2, ,   -21.0, ,    -3.0, ,    15.7, ,    -0.6, 
 2004,   -29.1, ,   -17.1, ,   -13.4, ,    -3.7, ,     2.0, ,    10.1, ,    15.7, ,    11.8, ,     9.2, ,    -0.2, ,   -11.0, ,   -27.0, ,    -4.4, ,   -20.8, ,    -5.0, ,    12.5, ,    -0.7, 
 2005,   -25.0, ,   -18.6, ,   -13.8, ,     2.2, ,     7.3, ,    12.2, ,    15.9, ,    13.6, ,     8.1, ,     1.9, ,    -8.9, ,   -17.3, ,    -1.9, ,   -23.5, ,    -1.4, ,    13.9, ,     0.4, 
 2006,   -17.0, ,   -19.5, ,    -9.2, ,     4.0, ,     6.5, ,    14.8, ,    16.0, ,    14.9, ,     8.9, ,     0.7, ,   -14.3,E,   -15.1, ,    -0.8,E,   -17.9, ,     0.4, ,    15.2, ,    -1.6,E
 2007,   -21.0, ,   -22.4, ,   -13.5, ,    -2.5,E,     7.7, ,    11.9,E,    17.7, ,    12.5,E,     6.0, ,     2.2, ,   -12.9, ,   -22.8, ,    -3.1,E,   -19.5, ,    -2.8,E,    14.0,E,    -1.6, 
 2008,   -22.4, ,   -24.9, ,   -17.2, ,    -3.0, ,     4.9, ,    13.0, ,    15.7, ,    16.5, ,     6.3, ,     2.8,E,    -9.6, ,   -27.5, ,    -3.8,E,   -23.4, ,    -5.1, ,    15.1, ,    -0.2,E
 2009,   -22.4, ,   -21.0, ,   -16.6, ,    -2.2, ,     1.6, ,    11.9, ,    13.9, ,    13.3, ,    12.1, ,    -0.6, ,    -5.8, ,   -22.9, ,    -3.2, ,   -23.6, ,    -5.7, ,    13.0, ,     1.9, 
 2010,   -18.1, ,   -16.6, ,    -4.9, ,     3.5, ,     5.8,E,    13.2, ,    17.8, ,    14.2, ,     7.2, ,     2.7, ,    -8.9, ,   -18.7, ,    -0.2,E,   -19.2, ,     1.5,E,    15.1, ,     0.3, 
 2011,   -24.8, ,   -20.3, ,   -16.0, ,    -2.1, ,     5.8,E,    13.7, ,    16.5, ,    15.5, ,    11.3, ,     3.1, ,    -9.7, ,   -16.6, ,    -2.0,E,   -21.3, ,    -4.1,E,    15.2, ,     1.6, 
 2012,   -20.5,E,   -16.2, ,    -9.6, ,    -1.3, ,     6.9, ,    13.4, ,    18.0, ,    15.0, ,     8.9, ,    -0.5,E,   -14.1,E,   -22.9, ,    -1.9,E,   -17.8,E,    -1.3, ,    15.5, ,    -1.9,E
 2013,   -25.6, ,   -20.0,E,   -14.4, ,    -6.4, ,     7.7,E,    15.1, ,    16.1, ,    14.9,E,    11.2, ,    -0.1, ,   -14.6, ,   -29.4, ,    -3.8,E,   -22.8,E,    -4.4,E,    15.4,E,    -1.2, 
 2014,   -25.4, ,   -23.4, ,   -19.5, ,    -7.5, ,     6.9, ,    12.6, ,    15.8, ,    15.0, ,     7.0, ,     1.6, ,   -16.6, ,   -17.9, ,    -4.3, ,   -26.1, ,    -6.7, ,    14.5, ,    -2.7, 
 2015,   -23.2, ,   -25.2, ,   -12.7, ,    -2.5, ,     5.3, ,    13.0, ,    16.0, ,    14.2, ,     9.3, ,     1.5, ,    -7.3, ,   -13.3,E,    -2.1,E,   -22.1, ,    -3.3, ,    14.4, ,     1.2, 
 2016,   -19.0, ,   -21.4,E,   -10.5, ,    -4.0, ,     8.1, ,    13.3, ,    16.4, ,    14.1, ,    10.1,E,    -0.9, ,    -3.5, ,   -21.5, ,    -1.6,E,   -17.9,E,    -2.1, ,    14.6, ,     1.9,E
 2017,   -18.1, ,   -18.4, ,   -14.3, ,    -4.3, ,     5.9, ,    12.2,E,    16.7, ,    15.1,E,     9.9, ,     1.0, ,   -15.5, ,   -23.2, ,    -2.8,E,   -19.3, ,    -4.2, ,    14.7,E,    -1.5, 
