1086082,PEMBERTON_AIRPORT_CS,BC  , station not joined, Monthly mean of homogenized daily mean temperature                     , Deg Celcius,          Updated to December 2019
1086082,PEMBERTON_AIRPORT_CS,BC  , station non jointe, Moyenne mensuelle des temperatures quotidiennes moyennes homogeneisees , Deg Celsius, Mise a jour jusqu a decembre 2019
 Year,     Jan, ,     Feb, ,     Mar, ,     Apr, ,     May, ,     Jun, ,     Jul, ,     Aug, ,     Sep, ,     Oct, ,     Nov, ,     Dec, ,  Annual, ,  Winter, ,  Spring, ,  Summer, ,  Autumn
Annee,    Janv, ,     Fev, ,    Mars, ,     Avr, ,     Mai, ,    Juin, ,    Juil, ,    Aout, ,    Sept, ,     Oct, ,     Nov, ,     Dec, ,  Annuel, ,   Hiver, ,Printemp, ,     Ete, , Automne
 1912, -9999.9,M, -9999.9,M, -9999.9,M, -9999.9,M, -9999.9,M, -9999.9,M, -9999.9,M,    16.9, ,    12.0, ,     6.3, ,     2.0, ,    -2.5, , -9999.9,M, -9999.9,M, -9999.9,M, -9999.9,M,     6.8, 
 1913,    -9.7, ,    -4.6, ,     0.5, ,     7.0, ,    11.6, ,    14.8, ,    16.6, ,    15.8, ,    10.7, ,     5.9, ,     0.7, ,    -1.2, ,     5.7, ,    -5.6, ,     6.4, ,    15.7, ,     5.8, 
 1914,    -2.3, ,    -2.6, ,     3.1, ,     9.2, ,    13.4, ,    15.5, ,    17.8, ,    16.9, ,    12.0, ,     9.5, ,     2.4, ,    -6.2, ,     7.4, ,    -2.0, ,     8.6, ,    16.7, ,     8.0, 
 1915,    -4.6, ,     1.6, ,     5.8, ,    10.9, ,    14.1, ,    17.0, ,    18.8, ,    18.5, ,    12.6, ,     8.6, ,     0.5, ,    -2.7, ,     8.4, ,    -3.1, ,    10.3, ,    18.1, ,     7.2, 
 1916,   -18.2, ,    -3.6, ,     2.8, ,     7.6, ,    12.0, ,    15.3, ,    16.1, ,    16.8, ,    11.7, ,     6.4, ,     0.4, ,    -7.1, ,     5.0, ,    -8.2, ,     7.5, ,    16.1, ,     6.2, 
 1917,    -6.1, ,    -4.2, ,     1.3, ,     7.6, ,    13.3, ,    14.2, ,    16.6, ,    17.2, ,    12.9, ,     8.2, ,     6.7, ,    -4.0, ,     7.0, ,    -5.8, ,     7.4, ,    16.0, ,     9.3, 
 1918,    -2.9, ,    -4.2, ,     0.9, ,     8.2, ,    12.0, ,    15.5, ,    18.7, ,    16.8, ,    14.3, ,     8.5, ,     1.5, ,    -2.9, ,     7.2, ,    -3.7, ,     7.0, ,    17.0, ,     8.1, 
 1919,    -2.0, ,    -3.3, ,     1.1, ,     7.4, ,    11.1, ,    14.2, ,    16.5, ,    17.2, ,    12.8, ,     5.6, ,     0.1, ,    -5.2, ,     6.3, ,    -2.7, ,     6.5, ,    16.0, ,     6.2, 
 1920,    -4.7, ,    -1.6, ,     3.3, ,     7.2, ,    10.8, ,    14.1, ,    19.4, ,    17.2, ,    12.2, ,     6.5, ,     2.3, ,    -0.2, ,     7.2, ,    -3.8, ,     7.1, ,    16.9, ,     7.0, 
 1921,    -1.8, ,    -0.9, ,     1.9, ,     6.4, ,    13.1, ,    15.6, ,    16.8, ,    16.9, ,    12.0, ,     8.0, ,     1.0, ,    -8.3, ,     6.7, ,    -1.0, ,     7.1, ,    16.4, ,     7.0, 
 1922,    -5.9, ,    -7.9, ,     2.1, ,     6.4, ,    11.9, ,    16.8, ,    18.4, ,    17.3, ,    13.7, ,     8.3, ,     1.3, ,    -5.9, ,     6.4, ,    -7.4, ,     6.8, ,    17.5, ,     7.8, 
 1923,    -4.8, ,    -4.6, ,     2.2, ,     8.6, ,    14.2, ,    16.5, ,    18.5, ,    18.7, ,    12.5, ,     7.9, ,     3.4, ,    -1.7, ,     7.6, ,    -5.1, ,     8.3, ,    17.9, ,     7.9, 
 1924,    -5.1, ,     2.8, ,     3.0, ,     8.0, ,    14.3, ,    16.6, ,    18.4, ,    16.9, ,    12.8, ,     8.6, ,     0.4, ,    -6.1, ,     7.6, ,    -1.3, ,     8.4, ,    17.3, ,     7.3, 
 1925,    -3.0, ,     1.0, ,     3.6, ,     8.9, ,    14.0, ,    16.1, ,    18.2, ,    16.6, ,    12.2, ,     6.1, ,     1.9, ,     2.2, ,     8.2, ,    -2.7, ,     8.8, ,    17.0, ,     6.7, 
 1926,    -1.1, ,     3.0, ,     7.2, ,    11.1, ,    11.9, ,    16.7, ,    18.2, ,    16.8, ,    11.2, ,     9.1, ,     3.2, ,    -3.6, ,     8.6, ,     1.4, ,    10.1, ,    17.2, ,     7.8, 
 1927,    -4.6, ,    -0.7, ,     3.1, ,     6.8, ,    11.9, ,    17.3, ,    18.6, ,    18.4, ,    13.5, ,     7.9, ,     0.3, ,    -8.3, ,     7.0, ,    -3.0, ,     7.3, ,    18.1, ,     7.2, 
 1928,    -2.5, ,     0.2, ,     3.8, ,     8.8, ,    14.2, ,    16.7, ,    19.4, ,    17.1, ,    12.8, ,     7.7, ,     3.4, ,    -2.2, ,     8.3, ,    -3.5, ,     8.9, ,    17.7, ,     8.0, 
 1929,   -10.0, ,    -7.6, ,     4.2, ,     8.2, ,    13.3, ,    15.9, ,    16.8, ,    16.7, ,    13.1, ,     9.3, ,     2.0, ,    -3.0, ,     6.6, ,    -6.6, ,     8.6, ,    16.5, ,     8.1, 
 1930,   -14.9, ,    -1.3, ,     2.9, ,    10.0, ,    12.0, ,    16.3, ,    18.5, ,    17.2, ,    14.3, ,     6.4, ,     2.8, ,     1.4, ,     7.1, ,    -6.4, ,     8.3, ,    17.3, ,     7.8, 
 1931,     1.4, ,     1.0, ,     5.1, ,     9.5, ,    13.5, ,    15.5, ,    18.5, ,    16.6, ,    13.3, ,     7.9, ,    -0.8, ,    -2.2, ,     8.3, ,     1.3, ,     9.4, ,    16.9, ,     6.8, 
 1932,    -5.6, ,    -3.8, ,     3.4, ,    10.2, ,    11.2, ,    16.0, ,    15.2, ,    18.2, ,    12.7, ,     7.7, ,     3.7, ,    -3.4, ,     7.1, ,    -3.9, ,     8.3, ,    16.5, ,     8.0, 
 1933,    -2.5, ,    -4.9, ,     2.8, ,     8.1, ,    11.0, ,    14.6, ,    16.7, ,    18.3, ,    11.6, ,     6.8, ,     4.9, ,    -3.3, ,     7.0, ,    -3.6, ,     7.3, ,    16.5, ,     7.8, 
 1934,    -0.3, ,     0.0, ,     3.7, ,    11.3, ,    13.5, ,    16.2, ,    17.0, ,    17.7, ,    12.4, ,     8.1, ,     4.3, ,    -2.8, ,     8.4, ,    -1.2, ,     9.5, ,    17.0, ,     8.3, 
 1935,    -5.9, ,     0.8, ,     1.9, ,     6.1, ,    12.2, ,    15.5, ,    18.0, ,    16.6, ,    13.8, ,     6.8, ,     0.1, ,     2.0, ,     7.3, ,    -2.6, ,     6.7, ,    16.7, ,     6.9, 
 1936,    -2.3, ,   -11.0, ,     2.5, ,     9.3, ,    14.6, ,    15.9, ,    17.1, ,    17.3, ,    12.1, ,     8.8, ,     2.2, ,    -2.0, ,     7.0, ,    -3.8, ,     8.8, ,    16.8, ,     7.7, 
 1937,   -13.5, ,    -4.0, ,     4.0, ,     8.3, ,    11.8, ,    15.5, ,    18.1, ,    15.4, ,    14.1, ,     8.7, ,     2.9, ,    -0.8, ,     6.7, ,    -6.5, ,     8.0, ,    16.3, ,     8.6, 
 1938,    -2.7, ,    -2.6, ,     3.5, ,     9.4, ,    13.6, ,    17.4, ,    19.3, ,    15.9, ,    14.9, ,     8.8, ,     1.4, ,    -1.9, ,     8.1, ,    -2.0, ,     8.8, ,    17.5, ,     8.4, 
 1939,     0.5, ,    -3.3, ,     3.1, ,     9.6, ,    12.7, ,    14.7, ,    17.4, ,    17.8, ,    13.4, ,     8.2, ,     5.6, ,     2.6, ,     8.5, ,    -1.6, ,     8.5, ,    16.6, ,     9.1, 
 1940,    -1.3, ,     0.6, ,     5.7, ,    10.6, ,    13.9, ,    16.6, ,    19.0, ,    17.9, ,    16.2, ,     9.5, ,    -0.6, ,    -0.3, ,     9.0, ,     0.6, ,    10.1, ,    17.8, ,     8.4, 
 1941,    -0.3, ,     1.1, ,     7.1, ,    10.9, ,    12.6, ,    16.7, ,    20.0, ,    18.3, ,    14.3, ,     8.5, ,     2.9, ,    -1.6, ,     9.2, ,     0.2, ,    10.2, ,    18.3, ,     8.6, 
 1942,    -2.3, ,     1.1, ,     4.6, ,     9.3, ,    14.2, ,    16.5, ,    19.2, ,    20.0, ,    13.9, ,     9.4, ,     1.0, ,    -1.1, ,     8.8, ,    -0.9, ,     9.4, ,    18.6, ,     8.1, 
 1943,    -9.5, ,     0.8, ,     1.1, ,     8.8, ,    12.0, ,    15.6, ,    18.0, ,    16.6, ,    14.2, ,     8.3, ,     3.6, ,    -1.5, ,     7.3, ,    -3.3, ,     7.3, ,    16.7, ,     8.7, 
 1944,    -3.3, ,     0.8, ,     2.1, ,    10.4, ,    13.6, ,    17.6, ,    19.8, ,    17.1, ,    15.4, ,     9.5, ,     3.5, ,    -4.2, ,     8.5, ,    -1.3, ,     8.7, ,    18.2, ,     9.5, 
 1945,    -1.8, ,     0.3, ,     3.3, ,     8.3, ,    14.4, ,    16.2, ,    18.6, ,    18.6, ,    13.3, ,     8.2, ,     1.6, ,    -2.3, ,     8.2, ,    -1.9, ,     8.7, ,    17.8, ,     7.7, 
 1946,    -1.0, ,    -0.7, ,     4.3, ,     9.2, ,    14.7, ,    15.1, ,    17.7, ,    17.2, ,    13.8, ,     6.6, ,    -0.7, ,    -4.0, ,     7.7, ,    -1.3, ,     9.4, ,    16.7, ,     6.6, 
 1947,    -5.2, ,    -0.7, ,     3.5, ,    10.5, ,    15.5, ,    16.5, ,    18.0, ,    17.4, ,    13.7, ,     7.0, ,     1.3, ,    -1.5, ,     8.0, ,    -3.3, ,     9.8, ,    17.3, ,     7.3, 
 1948,    -2.2, ,    -3.6, ,     0.6, ,     6.0, ,    12.3, ,    19.1, ,    17.9, ,    17.1, ,    12.9, ,     6.9, ,     1.6, ,    -7.9, ,     6.7, ,    -2.4, ,     6.3, ,    18.0, ,     7.1, 
 1949,   -10.7, ,    -5.9, ,     2.1, ,     8.4, ,    14.6, ,    15.2, ,    17.4, ,    16.6, ,    13.8, ,     6.4, ,     5.4, ,    -4.8, ,     6.5, ,    -8.2, ,     8.4, ,    16.4, ,     8.5, 
 1950,   -20.3, ,    -1.5, ,     2.4, ,     6.0, ,    11.4, ,    17.1, ,    19.0, ,    17.4, ,    14.0, ,     5.7, ,     0.3, ,    -0.2, ,     5.9, ,    -8.9, ,     6.6, ,    17.8, ,     6.7, 
 1951,    -4.6, , -9999.9,M, -9999.9,M, -9999.9,M, -9999.9,M,    17.7, ,    19.8, ,    18.1, ,    16.9, ,     8.8, ,     1.7, ,    -6.9, , -9999.9,M, -9999.9,M, -9999.9,M,    18.5, ,     9.1, 
 1952,    -6.8, ,    -0.9, ,     3.7, , -9999.9,M, -9999.9,M, -9999.9,M, -9999.9,M, -9999.9,M,    16.0, ,     9.4, ,     0.9, ,    -1.5, , -9999.9,M,    -4.9, , -9999.9,M, -9999.9,M,     8.8, 
 1953, -9999.9,M,     0.0, , -9999.9,M, -9999.9,M,    12.1, ,    15.0, ,    17.8, ,    17.8, ,    14.7, ,     9.6, ,     5.7, ,     0.0, , -9999.9,M, -9999.9,M, -9999.9,M,    16.9, ,    10.0, 
 1954, -9999.9,M, -9999.9,M, -9999.9,M, -9999.9,M, -9999.9,M, -9999.9,M, -9999.9,M, -9999.9,M, -9999.9,M, -9999.9,M, -9999.9,M, -9999.9,M, -9999.9,M, -9999.9,M, -9999.9,M, -9999.9,M, -9999.9,M
 1955,    -3.9, ,    -3.5, ,    -0.5, ,     3.9, ,     8.7, ,    13.1, ,    14.8, ,    15.5, ,    11.7, ,     6.7, ,    -4.6, ,    -9.9, ,     4.3, , -9999.9,M,     4.0, ,    14.5, ,     4.6, 
 1956,    -5.6, ,    -7.7, ,     2.0, ,     6.5, ,    16.8, ,    15.2, ,    20.7, ,    18.7, ,    12.4, ,     4.7, ,    -3.9, ,    -5.5, ,     6.2, ,    -7.7, ,     8.4, ,    18.2, ,     4.4, 
 1957,   -17.2, ,    -7.9, ,     3.0, ,    11.3, ,    18.9, ,    16.5, ,    15.8, ,    15.2, ,    13.4, ,     4.4, ,     0.6, ,    -1.2, ,     6.1, ,   -10.2, ,    11.1, ,    15.8, ,     6.1, 
 1958,    -1.6, ,     1.0, ,     2.3, ,     7.4, ,    14.5, , -9999.9,M,    20.0, ,    17.2, ,    10.2, , -9999.9,M,    -1.8, ,    -3.1, , -9999.9,M,    -0.6, ,     8.1, , -9999.9,M, -9999.9,M
 1959,    -6.0, ,    -5.6, ,     3.6, ,     7.0, ,    11.3, ,    13.8, ,    18.3, ,    14.2, ,    12.4, , -9999.9,M,    -2.8, , -9999.9,M, -9999.9,M,    -4.9, ,     7.3, ,    15.4, , -9999.9,M
 1960, -9999.9,M, -9999.9,M, -9999.9,M,     6.9, ,    11.0, ,    12.6, ,    21.0, ,    14.9, ,    11.8, ,     9.6, ,     1.7, ,    -3.5, , -9999.9,M, -9999.9,M, -9999.9,M,    16.2, ,     7.7, 
 1961,    -2.3, ,     0.7, ,     3.9, ,     9.2, ,    15.5, ,    16.0, ,    19.6, ,    17.0, ,    11.3, ,     4.1, ,    -1.5, ,    -5.4, ,     7.3, ,    -1.7, ,     9.5, ,    17.5, ,     4.6, 
 1962,    -7.2, ,    -1.5, ,     1.6, ,     8.5, ,    10.7, ,    16.8, ,    19.3, ,    15.5, ,    12.8, ,    11.1, ,     3.4, ,     0.5, ,     7.6, ,    -4.7, ,     6.9, ,    17.2, ,     9.1, 
 1963,   -11.6, ,     0.0, ,     4.0, ,     9.2, ,    16.3, ,    18.3, ,    18.5, ,    18.2, ,    14.2, ,     6.8, ,     1.4, ,    -3.6, ,     7.6, ,    -3.7, ,     9.8, ,    18.3, ,     7.5, 
 1964,    -2.4, ,    -3.3, ,     2.2, ,     7.5, ,    11.8, ,    14.6, ,    17.0, ,    18.0, ,    11.7, ,     7.3, ,    -1.9, ,    -9.0, ,     6.1, ,    -3.1, ,     7.2, ,    16.5, ,     5.7, 
 1965,    -4.6, ,    -4.2, ,    -1.7, ,     6.6, ,    13.8, ,    17.3, ,    19.6, ,    16.1, , -9999.9,M,     7.9, ,     0.2, ,    -3.3, , -9999.9,M,    -5.9, ,     6.2, ,    17.7, , -9999.9,M
 1966,    -6.3, ,     1.0, ,     2.6, , -9999.9,M, -9999.9,M, -9999.9,M, -9999.9,M, -9999.9,M, -9999.9,M, -9999.9,M, -9999.9,M,    -1.4, , -9999.9,M,    -2.9, , -9999.9,M, -9999.9,M, -9999.9,M
 1967,    -4.2, , -9999.9,M, -9999.9,M, -9999.9,M, -9999.9,M, -9999.9,M, -9999.9,M, -9999.9,M, -9999.9,M, -9999.9,M, -9999.9,M, -9999.9,M, -9999.9,M, -9999.9,M, -9999.9,M, -9999.9,M, -9999.9,M
 1968, -9999.9,M, -9999.9,M, -9999.9,M, -9999.9,M, -9999.9,M, -9999.9,M, -9999.9,M, -9999.9,M, -9999.9,M, -9999.9,M, -9999.9,M, -9999.9,M, -9999.9,M, -9999.9,M, -9999.9,M, -9999.9,M, -9999.9,M
 1969, -9999.9,M, -9999.9,M, -9999.9,M, -9999.9,M, -9999.9,M,    18.7, ,    18.1, ,    16.4, ,    13.3, ,     6.7, ,     3.8, ,     0.0, , -9999.9,M, -9999.9,M, -9999.9,M,    17.7, ,     7.9, 
 1970,    -4.9, ,     0.5, ,     2.4, , -9999.9,M,    11.4, ,    17.5, ,    19.4, ,    18.4, ,    11.8, ,     5.0, ,    -1.8, ,    -5.9, , -9999.9,M,    -1.5, , -9999.9,M,    18.4, ,     5.0, 
 1971,    -5.1, ,    -2.5, ,     0.1, ,     5.6, ,    12.4, ,    13.3, ,    19.4, ,    18.6, ,    11.1, ,     6.4, ,     1.8, ,    -8.6, ,     6.0, ,    -4.5, ,     6.0, ,    17.1, ,     6.4, 
 1972,    -9.5, ,    -3.0, ,     1.8, ,     5.2, ,    13.3, ,    14.7, ,    18.2, ,    19.2, ,    11.8, ,     6.0, ,     1.4, ,    -4.9, ,     6.2, ,    -7.0, ,     6.8, ,    17.4, ,     6.4, 
 1973,    -4.2, ,    -0.2, ,     4.4, ,     8.5, ,    12.4, ,    14.4, ,    18.3, ,    18.1, ,    14.2, ,     7.5, ,    -1.9, ,    -0.6, ,     7.6, ,    -3.1, ,     8.4, ,    16.9, ,     6.6, 
 1974,    -4.4, ,     0.1, ,     2.1, ,     7.5, ,    10.3, ,    15.3, ,    16.6, , -9999.9,M,    16.3, ,     8.6, ,     1.7, ,     0.2, , -9999.9,M,    -1.6, ,     6.6, , -9999.9,M,     8.9, 
 1975,    -5.0, ,    -6.1, ,     2.7, ,     7.4, ,    12.2, ,    15.1, ,    20.3, ,    16.3, ,    14.4, ,     6.8, ,     1.5, ,    -2.2, ,     7.0, ,    -3.6, ,     7.4, ,    17.2, ,     7.6, 
 1976,    -1.9, ,    -0.2, ,     1.1, ,     7.9, ,    11.5, ,    14.4, ,    16.7, ,    15.9, ,    14.7, ,     8.4, ,     2.9, ,     0.8, ,     7.7, ,    -1.4, ,     6.8, ,    15.7, ,     8.7, 
 1977,    -4.3, ,     2.8, ,     4.8, ,    10.3, ,    12.6, ,    17.9, ,    18.5,E,    21.2, ,    13.2, ,     6.8, ,    -0.8, ,    -7.5, ,     8.0,E,    -0.2, ,     9.2, ,    19.2,E,     6.4, 
 1978,    -4.9, ,    -0.7, ,     3.1, ,     8.8, ,    11.8, ,    17.1, ,    20.7, ,    17.6, ,    12.6, ,     9.0, ,    -0.8, ,    -6.8, ,     7.3, ,    -4.4, ,     7.9, ,    18.5, ,     6.9, 
 1979,   -10.8, ,    -2.3, ,     3.6, ,     9.5, ,    13.0,E,    15.5,E,    19.0, ,    19.7, ,    13.9, ,     8.4, ,     0.0, ,    -1.0, ,     7.4,E,    -6.6, ,     8.7,E,    18.1,E,     7.4, 
 1980,    -6.8, ,    -0.3, ,     3.0, ,     9.8, ,    13.6, ,    16.1, ,    18.8, ,    18.4, ,    14.0, ,     9.0, ,     3.3, ,    -1.8, ,     8.1, ,    -2.7, ,     8.8, ,    17.8, ,     8.8, 
 1981,     0.9, ,     2.4, ,     5.5, ,     7.6, ,    12.9, ,    14.0, ,    18.3, , -9999.9,M, -9999.9,M, -9999.9,M, -9999.9,M, -9999.9,M, -9999.9,M,     0.5, ,     8.7, , -9999.9,M, -9999.9,M
 1982,    -5.4,E,    -0.9, ,     2.6, ,     6.2, ,    12.8,E,    18.7, ,    18.7, ,    18.0,E,    12.3, ,     6.1, , -9999.9,M,    -3.4,E, -9999.9,M, -9999.9,M,     7.2,E,    18.5,E, -9999.9,M
 1983, -9999.9,M,     1.6, ,     5.6, ,     9.2, ,    14.4, ,    15.3, ,    16.6, ,    18.7, ,    11.6, ,     5.9, ,     2.0,E,   -11.2, , -9999.9,M, -9999.9,M,     9.7, ,    16.9, ,     6.5,E
 1984,    -0.7, , -9999.9,M, -9999.9,M,     6.8, ,    10.0, ,    14.2, ,    17.3, ,    16.2, ,     9.7, ,     3.6, ,    -2.8, ,   -10.0,E, -9999.9,M, -9999.9,M, -9999.9,M,    15.9, ,     3.5, 
 1985, -9999.9,M, -9999.9,M, -9999.9,M, -9999.9,M, -9999.9,M, -9999.9,M, -9999.9,M, -9999.9,M,    12.5,E,     6.9,E, -9999.9,M, -9999.9,M, -9999.9,M, -9999.9,M, -9999.9,M, -9999.9,M, -9999.9,M
 1986, -9999.9,M, -9999.9,M, -9999.9,M,     7.7,E,    11.9,E,    17.4,E,    16.1,E,    20.1,E,    13.3, ,     8.6, ,     1.2, ,    -2.2, , -9999.9,M, -9999.9,M, -9999.9,M,    17.9,E,     7.7, 
 1987,    -1.8, ,     1.8, ,     5.2, ,     9.3, ,    12.3, ,    16.6, ,    18.4, ,    18.5,E,    15.2, ,     9.3, ,     4.3, ,    -3.6, ,     8.8,E,    -0.7, ,     8.9, ,    17.8,E,     9.6, 
 1988,    -4.1,E,     0.0, ,     4.9, ,     9.0, ,    11.9, ,    14.9, ,    17.8, ,    17.8, ,    13.9, ,     9.6, ,     2.7, ,    -0.5, ,     8.2,E,    -2.6,E,     8.6, ,    16.8, ,     8.7, 
 1989,    -3.4,E,    -5.0, ,     2.7, ,     9.9, ,    12.4, ,    16.8, ,    18.5, ,    17.9, ,    15.0,E,     7.8, ,     2.6, ,    -0.2, ,     7.9,E,    -3.0,E,     8.3, ,    17.7, ,     8.5,E
 1990,    -1.2, ,    -2.3, ,     4.2, ,    10.5, ,    12.7, ,    15.6, ,    20.2, ,    19.2, ,    15.5, ,     6.6, ,     1.3, ,    -5.6, ,     8.1, ,    -1.2, ,     9.1, ,    18.3, ,     7.8, 
 1991,    -6.7, ,     3.0,E,     2.3, ,     8.6, ,    13.1, ,    15.1, , -9999.9,M, -9999.9,M, -9999.9,M, -9999.9,M, -9999.9,M, -9999.9,M, -9999.9,M,    -3.1,E,     8.0, , -9999.9,M, -9999.9,M
 1992, -9999.9,M,     2.5, ,     7.6, ,     9.2, ,    13.7, ,    18.5, ,    19.4, ,    18.8, ,    12.5, ,     8.4, ,     2.5, ,    -5.0, , -9999.9,M, -9999.9,M,    10.2, ,    18.9, ,     7.8, 
 1993,    -7.9, ,    -1.5, ,     4.8, ,     9.4, ,    15.7, ,    16.6, ,    17.5, ,    19.1, ,    15.7, ,    10.2, ,    -0.9, ,    -1.5, ,     8.1, ,    -4.8, ,    10.0, ,    17.7, ,     8.3, 
 1994,     1.0, ,    -2.2, ,     5.4, ,    11.2, ,    14.4, ,    15.7, ,    20.8, ,    19.0, ,    16.4, ,     8.3, ,    -0.3, ,    -2.8, ,     8.9, ,    -0.9, ,    10.3, ,    18.5, ,     8.1, 
 1995,    -3.3, ,     1.0, ,     4.3, ,     8.9, ,    14.9, ,    17.3, ,    19.5, ,    16.5, ,    16.9, ,     7.7, ,     1.8, ,    -1.7, ,     8.7, ,    -1.7, ,     9.4, ,    17.8, ,     8.8, 
 1996,    -5.4, ,    -0.8, ,     4.1, ,     9.0, ,    11.4, ,    15.4, ,    19.9, ,    18.9, ,    13.5, ,     7.3, ,    -0.5, ,    -6.5, ,     7.2, ,    -2.6, ,     8.2, ,    18.1, ,     6.8, 
 1997,    -3.0, ,    -0.2, ,     3.1, ,     8.7, ,    13.8, ,    15.4, ,    18.4, ,    19.3, ,    14.7, ,     7.7, ,     2.9, ,    -1.4, ,     8.3, ,    -3.2, ,     8.5, ,    17.7, ,     8.4, 
 1998,    -3.2, ,     2.3, ,     6.2, ,     9.3, ,    15.3, ,    18.4, ,    21.5, ,    20.5, ,    16.9, ,     8.5, ,     3.3, ,    -0.8, ,     9.9, ,    -0.8, ,    10.3, ,    20.1, ,     9.6, 
 1999,    -0.5, ,     1.4, ,     3.7, ,     8.6, ,    11.0, ,    14.7, ,    17.6, ,    19.1, ,    14.1, ,     6.6, ,     1.9, ,     0.1, ,     8.2, ,     0.0, ,     7.8, ,    17.1, ,     7.5, 
 2000,    -3.0, ,     0.2, ,     4.8, ,     8.9, ,    11.7, ,    16.3, ,    17.8, ,    18.2, ,    14.3, ,     8.3, ,     1.1, ,    -3.5, ,     7.9, ,    -0.9, ,     8.5, ,    17.4, ,     7.9, 
 2001,    -1.5,E,    -1.4, ,     4.3, ,     8.5, ,    12.5, ,    14.7, ,    19.1, ,    18.3, ,    15.4, ,     7.5, ,     3.8, ,    -3.6, ,     8.1,E,    -2.1,E,     8.4, ,    17.4, ,     8.9, 
 2002,    -1.8, ,     0.8, ,     1.8, ,     9.0, ,    11.7, ,    17.7, ,    19.6, ,    19.8, ,    14.7, ,     8.2, ,     3.1, ,     0.0, ,     8.7, ,    -1.5, ,     7.5, ,    19.0, ,     8.7, 
 2003,    -0.4, ,     0.2, ,     4.2, ,     9.1, ,    12.4, ,    18.1, ,    20.7, ,    20.0, ,    16.2, ,     9.4, ,    -0.7, ,    -1.0, ,     9.0, ,    -0.1, ,     8.6, ,    19.6, ,     8.3, 
 2004,    -2.2, ,     2.0, ,     7.7, ,    12.0, ,    14.3, ,    19.5, ,    22.1, ,    20.2,E,    13.8, ,     8.5, ,     1.9, ,    -1.4, ,     9.9,E,    -0.4, ,    11.3, ,    20.6,E,     8.1, 
 2005,    -3.9, ,     1.1, ,     5.9, ,     9.9, ,    14.8, ,    15.7, ,    18.8, ,    20.0, ,    13.6, ,     8.2, ,     2.0, ,    -1.8, ,     8.7, ,    -1.4, ,    10.2, ,    18.2, ,     7.9, 
 2006,     1.8, ,     0.3, ,     3.6, ,     8.7, ,    12.9, ,    17.1, ,    20.3, ,    19.6, ,    15.5, ,     8.3, ,     0.1, ,    -0.8, ,     9.0, ,     0.1, ,     8.4, ,    19.0, ,     8.0, 
 2007,    -3.3, ,     0.5, ,     3.9,E,     8.2, ,    12.6, ,    14.8, , -9999.9,M,    17.9, , -9999.9,M,     7.0, ,     0.3, ,    -3.2, , -9999.9,M,    -1.2, ,     8.2,E, -9999.9,M, -9999.9,M
 2008,    -4.7, ,     0.2, ,     3.7, ,     6.8, ,    13.9, ,    15.2, ,    19.3, ,    17.9, ,    14.4, ,     7.2, ,     3.4, ,    -4.2, ,     7.8, ,    -2.6, ,     8.1, ,    17.5, ,     8.3, 
 2009,    -3.6, ,    -1.2, ,     2.2, ,     8.2, ,    12.9,E,    17.4, ,    21.4, ,    19.4, ,    15.0, ,     7.1, ,     2.4, ,    -5.2, ,     8.0,E,    -3.0, ,     7.8,E,    19.4, ,     8.2, 
 2010,     0.2,E,     2.8, ,     5.0, ,     8.2, ,    11.3,E, -9999.9,M,    20.1,E,    18.5, ,    13.6, ,     8.9, ,     0.1, ,    -1.2,E, -9999.9,M,    -0.7,E,     8.2,E, -9999.9,M,     7.5, 
 2011, -9999.9,M,    -2.3,E,     3.7, ,     6.3, ,    11.1, ,    15.1, ,    16.5, ,    18.5, ,    15.3, ,     7.3, ,    -0.5,E,    -3.7, , -9999.9,M, -9999.9,M,     7.0, ,    16.7, ,     7.4,E
 2012,    -2.8, ,     0.8, ,     2.4, ,     8.7, ,    12.2, ,    14.5, ,    19.8, ,    20.0,E,    15.5,E,     8.0,E,     2.5,E, -9999.9,M, -9999.9,M,    -1.9, ,     7.8, ,    18.1,E,     8.7,E
 2013,    -5.6, ,     1.3, ,     4.9, ,     8.7, ,    13.9,E,    16.4, ,    20.9, ,    19.6, ,    15.4, ,     7.7, ,     0.9, ,    -2.2, ,     8.5,E, -9999.9,M,     9.2,E,    19.0, ,     8.0, 
 2014,    -0.9, ,    -2.0, ,     3.9, ,     9.3, ,    15.2, ,    17.3, ,    21.5, ,    21.3, ,    16.3, ,    11.0, ,     1.8, ,    -0.4, ,     9.5, ,    -1.7, ,     9.5, ,    20.0, ,     9.7, 
 2015,    -0.5, ,     4.5,E,     7.4, ,     9.3, ,    16.5,E,    19.9, ,    21.5, ,    19.7, ,    13.8, ,    10.5, ,     0.7, ,    -1.5, ,    10.2,E,     1.2,E,    11.1,E,    20.4, ,     8.3, 
 2016,    -1.8, ,     3.3, ,     6.9, ,    12.6, ,    15.2, ,    17.0, ,    19.4, ,    20.7, ,    14.3, ,     8.1, ,     5.5, ,    -5.1, ,     9.7, ,     0.0, ,    11.6, ,    19.0, ,     9.3, 
 2017,    -5.1, ,    -1.2, ,     3.7, ,     8.7, ,    14.2, ,    17.2, ,    20.5, ,    20.8, ,    16.1, ,     8.3, ,     2.7, ,    -2.6, ,     8.6, ,    -3.8, ,     8.9, ,    19.5, ,     9.0, 
 2018,    -0.4, ,    -1.0, ,     5.4, ,     9.6, , -9999.9,M, -9999.9,M,    21.6, ,    20.1, ,    13.8, ,     8.1, ,     2.7, ,    -1.4, , -9999.9,M,    -1.3, , -9999.9,M, -9999.9,M,     8.2, 
 2019, -9999.9,M,    -4.0, ,     4.3, ,     9.1, ,    16.6, ,    17.8, ,    19.3, ,    20.3, ,    15.1, ,     7.2, ,     2.4, ,    -0.5, , -9999.9,M, -9999.9,M,    10.0, ,    19.1, ,     8.2, 
