1064020,KEMANO              ,BC  , station not joined, Monthly mean of homogenized daily mean temperature                     , Deg Celcius,          Updated to December 2019
1064020,KEMANO              ,BC  , station non jointe, Moyenne mensuelle des temperatures quotidiennes moyennes homogeneisees , Deg Celsius, Mise a jour jusqu a decembre 2019
 Year,     Jan, ,     Feb, ,     Mar, ,     Apr, ,     May, ,     Jun, ,     Jul, ,     Aug, ,     Sep, ,     Oct, ,     Nov, ,     Dec, ,  Annual, ,  Winter, ,  Spring, ,  Summer, ,  Autumn
Annee,    Janv, ,     Fev, ,    Mars, ,     Avr, ,     Mai, ,    Juin, ,    Juil, ,    Aout, ,    Sept, ,     Oct, ,     Nov, ,     Dec, ,  Annuel, ,   Hiver, ,Printemp, ,     Ete, , Automne
 1951, -9999.9,M, -9999.9,M, -9999.9,M, -9999.9,M, -9999.9,M, -9999.9,M, -9999.9,M, -9999.9,M,    13.9, ,     6.3, ,     2.2, ,    -3.4, , -9999.9,M, -9999.9,M, -9999.9,M, -9999.9,M,     7.5, 
 1952,    -6.6, ,    -1.2, ,     1.8, ,     3.6, ,     9.9, ,    11.9, ,    16.7, ,    17.1, ,    13.0, ,     9.7, ,     2.2, , -9999.9,M, -9999.9,M,    -3.7, ,     5.1, ,    15.2, ,     8.3, 
 1953,    -7.2, ,     1.4, ,     2.2, ,     6.5, ,    11.2, ,    13.5, ,    15.8, ,    16.0, ,    12.3, ,     8.0, ,     2.8, ,     1.7, ,     7.0, , -9999.9,M,     6.6, ,    15.1, ,     7.7, 
 1954,    -7.1, ,    -1.2, ,     1.9, ,     3.0, ,    10.2, ,    12.3, ,    13.9, ,    16.2, , -9999.9,M, -9999.9,M, -9999.9,M,     1.3, , -9999.9,M,    -2.2, ,     5.0, ,    14.1, , -9999.9,M
 1955,    -0.5, ,    -1.1, ,    -1.4, ,     5.4, ,     8.4, ,    13.4, ,    15.5, ,    14.2, ,    12.2, ,     5.5, ,    -3.7, ,    -7.8, ,     5.0, ,    -0.1, ,     4.1, ,    14.4, ,     4.7, 
 1956,    -6.7, ,    -4.3, ,     0.9, ,     7.0, ,    11.1, ,    12.2, ,    17.7, ,    16.9, ,    12.3, ,     5.2, ,     1.5, ,    -1.2, ,     6.1, ,    -6.3, ,     6.3, ,    15.6, ,     6.3, 
 1957,    -7.5, ,    -4.4, ,     2.5, ,     6.7, ,    11.9, ,    14.5, ,    13.7, ,    15.7, ,    15.8, ,     6.6, ,     4.0, ,     1.1, ,     6.7, ,    -4.4, ,     7.0, ,    14.6, ,     8.8, 
 1958,     1.1, ,     0.7, ,     3.9, ,     8.0, ,    13.2, ,    19.5, ,    21.4, ,    15.8, ,    11.0, ,     7.4, ,     0.3, ,    -1.0, ,     8.4, ,     1.0, ,     8.4, ,    18.9, ,     6.2, 
 1959,    -3.2, ,    -1.8, ,     3.0, ,     6.3, ,    10.2, ,    13.5, ,    16.3, ,    14.0, , -9999.9,M,     7.6, ,     0.0, ,     1.4, , -9999.9,M,    -2.0, ,     6.5, ,    14.6, , -9999.9,M
 1960,    -2.8, ,     0.8, ,     1.1, ,     7.3, ,    10.1, ,    12.4, ,    16.2, ,    14.9, ,    11.5, ,     8.2, ,     2.3, ,    -0.2, ,     6.8, ,    -0.2, ,     6.2, ,    14.5, ,     7.3, 
 1961,    -0.2, ,     0.5, ,     3.2, ,     6.6, ,    11.7, ,    14.1, ,    19.8, ,    18.7, ,    11.6, ,     6.9, ,     0.7, ,    -1.9, ,     7.6, ,     0.0, ,     7.2, ,    17.5, ,     6.4, 
 1962,    -2.1, ,     0.0, ,    -0.1, ,     6.1, ,    10.2, ,    12.8, ,    17.0, ,    15.4, ,    12.7, ,     8.0, ,     3.6, ,     0.3, ,     7.0, ,    -1.3, ,     5.4, ,    15.1, ,     8.1, 
 1963,    -1.6, ,     2.9, ,     3.4, ,     7.5, ,    11.5, ,    13.0, ,    15.5, ,    18.9, ,    14.1, ,     7.2, ,     0.5, ,    -0.9, ,     7.7, ,     0.5, ,     7.5, ,    15.8, ,     7.3, 
 1964,    -1.4, ,     1.5, ,     2.0, ,     4.7, ,     9.2, ,    13.1, ,    14.2, ,    14.2, ,    11.1, ,     7.1, ,    -0.5, ,    -7.3, ,     5.7, ,    -0.3, ,     5.3, ,    13.8, ,     5.9, 
 1965,    -5.1, ,    -0.1, ,     1.8, ,     6.1, ,     9.6, ,    13.4, ,    17.4, ,    18.6, ,    13.6, ,     6.8, ,     1.6, ,    -2.8, ,     6.7, ,    -4.2, ,     5.8, ,    16.5, ,     7.3, 
 1966,    -6.5, ,     0.7, ,     1.5, ,     5.2, ,     7.9, ,    12.8, ,    16.8, ,    14.8, ,    12.2, ,     6.3, ,     1.7, ,    -0.9, ,     6.0, ,    -2.9, ,     4.9, ,    14.8, ,     6.7, 
 1967,    -1.4, ,     1.9, ,     0.0, ,     5.9, ,     9.6, ,    16.7, ,    14.9, ,    17.8, ,    12.8, ,     7.0, ,     3.3, ,    -1.7, ,     7.2, ,    -0.1, ,     5.2, ,    16.5, ,     7.7, 
 1968,    -2.9, ,    -0.6, ,     3.3, ,     4.7, ,    11.1, ,    13.1, ,    16.9, ,    15.5, ,    11.4, ,     6.3, ,     2.4, ,    -5.0, ,     6.4, ,    -1.7, ,     6.4, ,    15.2, ,     6.7, 
 1969,   -12.6, ,    -0.3, ,     2.9, ,     5.1, ,    11.8, ,    18.5, ,    15.0, ,    13.0, ,    12.4, ,     8.3, ,     5.3, ,     2.6, ,     6.8, ,    -6.0, ,     6.6, ,    15.5, ,     8.7, 
 1970,    -4.4, ,     2.7, ,     3.7, ,     6.0, ,     8.8, ,    14.4, ,    14.4, ,    14.9, ,    10.7, ,     7.2, ,     0.6, ,    -4.6, ,     6.2, ,     0.3, ,     6.2, ,    14.6, ,     6.2, 
 1971,    -4.6, ,    -0.8, ,     0.8, ,     5.0, ,     9.6, ,    12.9, ,    17.8, ,    16.0, ,    10.9, ,     5.8, ,     2.0, ,    -5.4, ,     5.8, ,    -3.3, ,     5.1, ,    15.6, ,     6.2, 
 1972,    -6.8, ,    -3.8, ,     1.6, ,     3.1, ,     9.4, ,    11.4, , -9999.9,M, -9999.9,M, -9999.9,M,     6.6, ,     3.8, ,    -3.5, , -9999.9,M,    -5.3, ,     4.7, , -9999.9,M, -9999.9,M
 1973,    -3.0, ,    -1.3, ,     2.4, ,     5.9, ,     9.0, ,    11.2, ,    13.6, ,    13.9, ,    11.2, ,     5.1, ,    -3.4, ,    -1.2, ,     5.3, ,    -2.6, ,     5.8, ,    12.9, ,     4.3, 
 1974,    -6.6, ,    -0.3, ,     0.6, ,     5.1, ,     8.3, ,    10.9, ,    12.6, ,    16.0, ,    13.6, ,     7.4, ,     1.8, ,     1.2, ,     5.9, ,    -2.7, ,     4.7, ,    13.2, ,     7.6, 
 1975,    -3.6, ,    -5.8, ,     0.6, ,     4.9, ,     9.0, ,    12.0, ,    15.8, ,    13.5, ,    12.3, ,     7.0, ,     0.0, ,    -0.7, ,     5.4, ,    -2.7, ,     4.8, ,    13.8, ,     6.4, 
 1976,    -1.9, ,    -1.4, ,    -0.4, ,     5.3, ,     8.0, ,    11.4, ,    13.5, ,    14.3, ,    12.0, ,     6.4, ,     2.6, ,     0.1, ,     5.8, ,    -1.3, ,     4.3, ,    13.1, ,     7.0, 
 1977,    -2.9, ,     2.7, ,     2.7, ,     7.4, ,    10.1, ,    13.5, ,    14.5, ,    18.6, ,    11.5, ,     6.9, ,    -0.2, ,    -7.1, ,     6.5, ,     0.0, ,     6.7, ,    15.5, ,     6.1, 
 1978,    -4.3, ,    -0.1, ,     2.0, ,     7.3, ,     9.8, ,    15.1, ,    17.7, ,    15.5, ,    11.5, ,     8.3, ,     1.1, ,    -1.3, ,     6.9, ,    -3.8, ,     6.4, ,    16.1, ,     7.0, 
 1979,    -6.2, ,    -5.4, ,     3.5, ,     6.8, ,     9.8, ,    13.1, ,    16.1, ,    17.3, ,    12.6, ,     8.8, ,     2.5, ,    -0.3, ,     6.6, ,    -4.3, ,     6.7, ,    15.5, ,     8.0, 
 1980,    -5.8,E,    -0.2, ,     0.9, ,     6.6, ,    11.3, ,    15.7, ,    15.1, ,    14.9, ,    11.9, ,     8.5, ,     5.0, ,    -1.0, ,     6.9,E,    -2.1,E,     6.3, ,    15.2, ,     8.5, 
 1981,     2.3, ,     0.7, ,     5.3, ,     5.2, ,    11.0, ,    12.0, ,    17.1, ,    18.0, ,    12.2, ,     6.9, ,     3.6, ,    -1.8, ,     7.7, ,     0.7, ,     7.2, ,    15.7, ,     7.6, 
 1982,    -6.8, ,    -3.4, ,     0.7, ,     3.6, ,     8.6, ,    16.1, ,    16.6, ,    15.5,E,    13.0, ,     6.7, ,    -0.2,E,    -1.0, ,     5.8,E,    -4.0, ,     4.3, ,    16.1,E,     6.5,E
 1983,     0.2, ,     2.0, ,     4.4, ,     8.7, ,    12.0, ,    13.9, ,    15.3, ,    15.5, ,    11.0, ,     6.9, ,     3.5, ,    -4.8, ,     7.4, ,     0.4, ,     8.4, ,    14.9, ,     7.1, 
 1984,     0.3, ,     1.9, ,     5.1, ,     6.8, ,     9.8, ,    13.2, ,    14.9, ,    14.6, ,    10.8, ,     5.5, ,     0.5, ,    -4.2, ,     6.6, ,    -0.9, ,     7.2, ,    14.2, ,     5.6, 
 1985,    -0.7, ,    -1.3,E,     2.7, ,     5.6, ,    10.6, ,    13.1, ,    17.1, ,    15.3, ,    11.8, ,     5.6, ,    -5.0,E, -9999.9,M, -9999.9,M,    -2.1,E,     6.3, ,    15.2, ,     4.1,E
 1986,     0.4, ,    -3.1, ,     4.5, ,     6.0, ,     9.8, ,    14.4, ,    16.0, ,    17.9, ,    13.4, ,     9.5, ,     1.8, ,    -0.7, ,     7.5, , -9999.9,M,     6.8, ,    16.1, ,     8.2, 
 1987,     0.1, ,     2.1, ,     4.3, ,     7.2, ,    10.6, ,    13.9, ,    17.4, ,    17.2, ,    13.1, ,     7.6, ,     4.1, ,    -0.2, ,     8.1, ,     0.5, ,     7.4, ,    16.2, ,     8.3, 
 1988,    -3.0, ,    -0.8, ,     3.5, ,     7.1, ,    10.9, ,    13.1, ,    15.3, ,    16.0, ,    12.1, ,     9.0, ,     3.0, ,    -1.4, ,     7.1, ,    -1.3, ,     7.2, ,    14.8, ,     8.0, 
 1989,    -1.5, ,    -4.0, ,     1.6, ,     7.8, , -9999.9,M,    15.5, ,    17.1, ,    16.1, ,    14.3, ,     6.6,E,     3.2, ,     1.2, , -9999.9,M,    -2.3, , -9999.9,M,    16.2, ,     8.0,E
 1990,    -0.7, ,    -2.5,E,     3.0, ,     7.8,E,    11.6, ,    14.7, , -9999.9,M,    17.4, ,    15.0,E,     6.0,E,     1.9, ,    -3.4, , -9999.9,M,    -0.7,E,     7.5,E, -9999.9,M,     7.6,E
 1991,    -5.6, ,     2.4, ,     1.7, ,     7.2, ,    11.7, ,    14.7, ,    15.6, ,    16.5, ,    13.1, ,     7.1, ,     3.8, ,     2.5,E,     7.6,E,    -2.2, ,     6.9, ,    15.6, ,     8.0, 
 1992,     1.9, ,     0.7, ,     6.6, ,     8.3,E,    11.5, ,    15.6, ,    18.5, ,    18.2, ,    11.1, ,     7.4, ,     3.7, ,    -2.0,E,     8.5,E,     1.7,E,     8.8,E,    17.4, ,     7.4, 
 1993,    -5.3, ,     0.9, ,     4.6, ,     8.8, ,    14.7, ,    14.4, ,    17.6, ,    17.8, ,    14.9,E, -9999.9,M, -9999.9,M,     2.0, , -9999.9,M,    -2.1,E,     9.4, ,    16.6, , -9999.9,M
 1994,     2.6, , -9999.9,M,     4.0,E,     8.7,E, -9999.9,M,    14.1,E,    17.3, , -9999.9,M,    13.5,E,     7.3, ,     0.7, ,    -1.3, , -9999.9,M, -9999.9,M, -9999.9,M, -9999.9,M,     7.2,E
 1995,    -2.7, ,    -0.2, ,     1.9, ,     8.3,E,    13.0,E,    15.6,E,    16.5, ,    14.8, ,    16.0, ,     7.2, ,     2.1, ,    -1.8,E,     7.6,E,    -1.4, ,     7.7,E,    15.6,E,     8.4, 
 1996,    -6.9,E,    -0.1, ,     2.8, ,     7.3, ,    10.3, ,    13.6, ,    16.3,E,    15.2, ,    11.2, ,     7.0, ,    -0.8, ,    -4.6, ,     5.9,E,    -2.9,E,     6.8, ,    15.0,E,     5.8, 
 1997,    -2.7, ,     1.7, ,     1.1, ,     7.1, ,    12.0, ,    13.3, ,    15.3, ,    17.7, ,    12.8,E,     6.8, ,     2.6, ,     1.0, ,     7.4,E,    -1.9, ,     6.7, ,    15.4, ,     7.4,E
 1998,    -3.4, ,     3.8, ,     4.4, ,     7.1, ,    13.0, ,    16.4, ,    18.3, ,    15.6, ,    12.2, ,     7.6, ,     2.8, ,    -1.6, ,     8.0, ,     0.5, ,     8.2, ,    16.8, ,     7.5, 
 1999,    -1.1, ,     0.9, ,     3.5, ,     6.1, ,     8.5,E,    11.9, ,    14.7, ,    15.8, ,    11.8, ,     6.9, ,     2.9, ,     0.6, ,     6.9,E,    -0.6, ,     6.0,E,    14.1, ,     7.2, 
 2000,    -3.1,E,     0.1, ,     3.9, ,     6.8, ,    10.2, ,    13.4, ,    15.1,E,    15.7,E,    12.4, ,     7.9,E,     4.0,E,    -1.9,E,     7.0,E,    -0.8,E,     7.0, ,    14.7,E,     8.1,E
 2001,     0.7, ,     0.0, ,     3.0, ,     6.8,E,     8.7, ,    13.2,E,    15.7, ,    15.1,E,    11.4,E,     6.4, ,     1.5, ,    -0.9, ,     6.8,E,    -0.4,E,     6.2,E,    14.7,E,     6.4,E
 2002,    -1.0, ,     0.7, ,    -1.0, ,     5.6, ,     9.2,E,    14.2, ,    15.3,E,    16.0, ,    11.8, ,     7.4, ,     4.1, ,     1.9, ,     7.0,E,    -0.4, ,     4.6,E,    15.2,E,     7.8, 
 2003,     0.9, ,     1.1, ,     1.3, ,     7.5, ,    10.4, ,    14.9, ,    17.1, ,    16.5, ,    12.7, ,     8.5, ,     0.5,E,    -0.1,E,     7.6,E,     1.3, ,     6.4, ,    16.2, ,     7.2,E
 2004,    -3.1, ,     1.1,E,     4.7, ,     9.3, ,    13.2, ,    17.7, ,    17.7, ,    18.6, ,    11.9,E,     7.4, ,     2.3, ,     0.3, ,     8.4,E,    -0.7,E,     9.1, ,    18.0, ,     7.2,E
 2005,    -2.8, ,     2.0, ,     4.5, ,     9.3, ,    14.1, ,    15.8, ,    15.8, ,    17.3, ,    12.5, ,     7.2, ,     2.9, ,     0.8, ,     8.3, ,    -0.2, ,     9.3, ,    16.3, ,     7.5, 
 2006,     1.9, ,     1.1, ,     3.1, ,     7.2, ,    11.7, ,    16.4, ,    17.5, ,    16.0, ,    13.8, ,     7.6, ,    -1.3, ,     0.7, ,     8.0, ,     1.3, ,     7.3, ,    16.6, ,     6.7, 
 2007,    -0.6, ,     1.2, ,     1.7, ,     4.6, ,     9.8, ,    13.1, ,    16.0, ,    15.1, ,    12.1, ,     7.3, ,     1.6, ,    -1.8, ,     6.7, ,     0.4, ,     5.4, ,    14.7, ,     7.0, 
 2008,    -2.6, ,    -0.5, ,     2.9, ,     4.9, ,    10.7, ,    12.4, ,    14.2, ,    15.6, ,    12.2, ,     6.5, ,     3.6, ,    -4.1, ,     6.3, ,    -1.6, ,     6.2, ,    14.1, ,     7.4, 
 2009,    -1.0, ,    -0.9, ,     0.5, ,     5.6, ,     9.7, ,    14.9, ,    19.3, , -9999.9,M,    12.5, , -9999.9,M,     1.1, , -9999.9,M, -9999.9,M,    -2.0, ,     5.3, , -9999.9,M, -9999.9,M
 2010, -9999.9,M,     2.3, ,     4.2, ,     7.0, ,    10.9, ,    13.4, ,    16.8, ,    17.1, ,    11.7, ,     7.3, ,     0.5, ,    -2.0, , -9999.9,M, -9999.9,M,     7.4, ,    15.8, ,     6.5, 
 2011,    -2.7, ,    -3.4, ,     1.3, ,     4.6, ,    10.0, ,    13.4, ,    13.6, ,    14.1, ,    11.4, ,     6.8, , -9999.9,M,    -0.7, , -9999.9,M,    -2.7, ,     5.3, ,    13.7, , -9999.9,M
 2012,    -2.8, , -9999.9,M,     2.0, ,     5.7, ,     8.8, ,    11.8, ,    16.4, ,    16.4, ,    12.7, ,     5.9, ,     1.4, ,    -2.4, , -9999.9,M, -9999.9,M,     5.5, ,    14.9, ,     6.7, 
 2013,    -1.1, , -9999.9,M,     3.1, ,     6.5, ,    11.9, ,    14.9, ,    17.4, ,    17.0, ,    14.0, ,     8.0, ,     1.5, ,    -0.2, , -9999.9,M, -9999.9,M,     7.2, ,    16.4, ,     7.8, 
 2014, -9999.9,M,    -2.8, ,     0.6, ,     6.5, , -9999.9,M, -9999.9,M,    17.7, ,    18.0, ,    13.5, ,     8.4, ,     1.7, ,    -0.5, , -9999.9,M, -9999.9,M, -9999.9,M, -9999.9,M,     7.9, 
 2015,     0.0, ,     1.7, ,     4.1, , -9999.9,M, -9999.9,M, -9999.9,M, -9999.9,M, -9999.9,M, -9999.9,M, -9999.9,M, -9999.9,M, -9999.9,M, -9999.9,M,     0.4, , -9999.9,M, -9999.9,M, -9999.9,M
 2016, -9999.9,M, -9999.9,M, -9999.9,M, -9999.9,M, -9999.9,M, -9999.9,M, -9999.9,M, -9999.9,M, -9999.9,M, -9999.9,M, -9999.9,M, -9999.9,M, -9999.9,M, -9999.9,M, -9999.9,M, -9999.9,M, -9999.9,M
 2017, -9999.9,M, -9999.9,M, -9999.9,M, -9999.9,M, -9999.9,M,    15.5, ,    15.6, ,    17.4, ,    14.5, ,     6.8, ,     1.9, ,    -2.2, , -9999.9,M, -9999.9,M, -9999.9,M,    16.2, ,     7.7, 
 2018,    -0.1, ,    -2.8, ,     2.4, ,     6.6, ,    13.2, ,    14.9, ,    20.0, ,    19.0, ,    11.8, ,     6.6, ,     3.8, ,    -0.1, ,     7.9, ,    -1.7, ,     7.4, ,    18.0, ,     7.4, 
 2019,     0.8, ,    -4.4, ,     3.7, ,     7.4, ,    14.8, ,    15.1, ,    17.8, ,    17.4, ,    13.6, ,     6.6, ,     4.6, ,    -1.1, ,     8.0, ,    -1.2, ,     8.6, ,    16.8, ,     8.3, 
