1073615,HOUSTON             ,BC  , station not joined, Monthly mean of homogenized daily mean temperature                     , Deg Celcius,          Updated to December 2019
1073615,HOUSTON             ,BC  , station non jointe, Moyenne mensuelle des temperatures quotidiennes moyennes homogeneisees , Deg Celsius, Mise a jour jusqu a decembre 2019
 Year,     Jan, ,     Feb, ,     Mar, ,     Apr, ,     May, ,     Jun, ,     Jul, ,     Aug, ,     Sep, ,     Oct, ,     Nov, ,     Dec, ,  Annual, ,  Winter, ,  Spring, ,  Summer, ,  Autumn
Annee,    Janv, ,     Fev, ,    Mars, ,     Avr, ,     Mai, ,    Juin, ,    Juil, ,    Aout, ,    Sept, ,     Oct, ,     Nov, ,     Dec, ,  Annuel, ,   Hiver, ,Printemp, ,     Ete, , Automne
 1988, -9999.9,M, -9999.9,M, -9999.9,M, -9999.9,M, -9999.9,M, -9999.9,M, -9999.9,M, -9999.9,M,     9.8,E,     6.6, ,     0.2, ,    -6.8,E, -9999.9,M, -9999.9,M, -9999.9,M, -9999.9,M,     5.5,E
 1989,    -6.6, ,   -11.7, ,    -3.1, ,     5.3, , -9999.9,M,    13.3,E,    15.4, ,    16.1,E,    11.9, ,     5.7,E,     0.0, ,    -3.3,E, -9999.9,M,    -8.4,E, -9999.9,M,    14.9,E,     5.9,E
 1990,    -6.7, ,    -6.7, ,     0.4, ,     5.2, ,    10.0, ,    12.7, , -9999.9,M,    15.9,E,    11.4, , -9999.9,M,    -4.6, ,   -10.6, , -9999.9,M,    -5.6,E,     5.2, , -9999.9,M, -9999.9,M
 1991,   -13.0, ,    -0.3, ,    -2.1, ,     5.4, ,     9.8, ,    13.2, ,    14.2, ,    15.5, ,    11.4, ,     4.1, ,    -0.7, ,    -0.9, ,     4.7, ,    -8.0, ,     4.4, ,    14.3, ,     4.9, 
 1992,    -2.8,E,    -3.0, ,     3.4, ,     5.6, ,     9.0, ,    14.9, ,    16.2, ,    15.4,E,     8.8, ,     4.0,E,    -1.2,E, -9999.9,M, -9999.9,M,    -2.2,E,     6.0, ,    15.5,E,     3.9,E
 1993,   -14.0,E,    -3.5, ,     0.7,E,     6.2, ,    12.7, ,    12.8, ,    14.6,E,    15.3, ,    11.9, ,     6.3,E,    -0.7, ,    -3.1,E,     4.9,E, -9999.9,M,     6.5,E,    14.2,E,     5.8,E
 1994,    -4.4, ,   -11.5, ,     2.6, ,     6.8,E,    10.2, ,    12.1, ,    16.5, ,    16.7, ,    11.6, ,     4.5, ,    -2.6, ,    -7.0,E,     4.6,E,    -6.3,E,     6.5,E,    15.1, ,     4.5, 
 1995,    -9.3, ,    -5.1, ,    -0.3, ,     5.9, ,    11.9, ,    14.3, ,    15.2, ,    12.2, ,    13.4, ,     4.5, ,    -3.8, ,    -9.0,E,     4.2,E,    -7.1,E,     5.8, ,    13.9, ,     4.7, 
 1996,   -14.1,E,    -4.2, , -9999.9,M,     4.4,E,     7.4, ,    12.3, ,    14.7, ,    14.3, ,    10.1, ,     4.3, , -9999.9,M,   -12.9,E, -9999.9,M,    -9.1,E, -9999.9,M,    13.8, , -9999.9,M
 1997,    -9.8,E,    -1.1, ,    -2.3, ,     4.8,E,    10.3,E,    13.4, ,    14.7, ,    15.9, ,    11.3, ,     4.4, ,    -1.1,E,    -2.4, ,     4.8,E,    -7.9,E,     4.3,E,    14.7, ,     4.9,E
 1998,    -9.8, ,    -2.1, ,     0.4, ,     4.5, ,    12.5, ,    16.0, ,    17.1, ,    14.5,E,    10.4, ,     5.7, ,    -0.7, ,    -7.6, ,     5.1,E,    -4.8, ,     5.8, ,    15.9,E,     5.1, 
 1999,    -6.6, ,    -3.2, ,     0.2, ,     4.3, ,     6.8, ,    12.0, ,    14.0, ,    14.1, ,     9.7, ,     4.5,E,    -0.7, ,    -4.5, ,     4.2,E,    -5.8, ,     3.8, ,    13.4, ,     4.5,E
 2000,   -10.2, ,    -6.1, ,     1.7, ,     4.1, ,     7.5, ,    12.7, ,    15.3, ,    14.2, ,     9.8, ,     4.3, ,     0.1,E,    -7.2, ,     3.9,E,    -6.9, ,     4.4, ,    14.1, ,     4.7,E
 2001,    -5.2, ,    -7.0, ,     0.2, ,     4.0, ,     6.8, ,    10.7, ,    14.2, ,    14.4, ,     9.7, ,     3.7, ,    -1.7, ,    -7.9, ,     3.5, ,    -6.5, ,     3.7, ,    13.1, ,     3.9, 
 2002,    -5.0, ,    -3.7, ,    -6.8, ,     2.9, ,     8.0, ,    13.7, ,    14.5, ,    14.4, ,     9.1, ,     4.1, ,     0.2, ,    -3.4, ,     4.0, ,    -5.5, ,     1.4, ,    14.2, ,     4.5, 
 2003,    -4.9, ,    -4.9, ,    -2.3, ,     4.4, ,     7.7, ,    13.0, ,    14.8, ,    14.1, ,    10.7, ,     5.7, ,    -4.5, ,    -7.3, ,     3.9, ,    -4.4, ,     3.3, ,    14.0, ,     4.0, 
 2004,   -11.5, ,    -2.0, ,     2.4, ,     7.0, ,    10.9, ,    15.8, ,    16.9,E,    16.5, ,     9.0, ,     4.9, ,    -1.7, ,    -4.7, ,     5.3,E,    -6.9, ,     6.8, ,    16.4,E,     4.1, 
 2005,    -9.9, ,    -2.0, ,     2.3, ,     6.7, ,    11.8, ,    14.7, ,    14.4, ,    14.9, ,     9.3, ,     5.2, ,    -0.3, ,    -3.1, ,     5.3, ,    -5.5, ,     6.9, ,    14.7, ,     4.7, 
 2006,    -2.5, ,    -4.6, ,    -1.0, ,     5.5, ,     9.8, ,    14.7, ,    16.5, ,    14.0, ,    11.6, ,     4.2, ,    -6.9, ,    -3.9, ,     4.8, ,    -3.4, ,     4.8, ,    15.1, ,     3.0, 
 2007,    -5.9, ,    -2.8, ,     0.9, ,     3.1, ,     8.8, ,    12.8, ,    16.3, ,    14.2, ,    10.7, ,     4.9, ,    -1.8, ,    -8.6, ,     4.4, ,    -4.2, ,     4.3, ,    14.4, ,     4.6, 
 2008,    -9.2, ,    -3.0, , -9999.9,M,     3.5, ,    11.2, ,    12.0, ,    14.3, ,    15.3, ,    11.2, ,     4.6, ,     0.4, ,   -12.6, , -9999.9,M,    -6.9, , -9999.9,M,    13.9, ,     5.4, 
 2009,    -5.7, ,    -6.0, ,    -2.3, ,     4.5, ,     8.7, ,    14.8, ,    18.5, ,    15.4, ,    11.3, ,     2.8, ,    -1.6, ,   -13.0, ,     4.0, ,    -8.1, ,     3.6, ,    16.2, ,     4.2, 
 2010,    -5.3, ,    -1.2, ,     2.7, ,     4.9, ,     9.0, ,    12.6, ,    15.9, ,    15.6, ,     9.8, ,     6.5, ,    -4.2, ,    -7.3, ,     4.9, ,    -6.5, ,     5.5, ,    14.7, ,     4.0, 
 2011,    -7.6, ,    -7.1, ,    -1.3, ,     3.3, ,     9.7, ,    13.3, ,    14.1, ,    13.4, ,    11.7, ,     5.1, ,    -1.1, ,    -3.9, ,     4.1, ,    -7.3, ,     3.9, ,    13.6, ,     5.2, 
 2012,    -6.2, ,    -2.5, ,     0.0, ,     5.4, ,     8.7, ,    12.2, ,    17.0, ,    16.3, , -9999.9,M,     3.1, ,    -2.1, ,    -8.0, , -9999.9,M,    -4.2, ,     4.7, ,    15.2, , -9999.9,M
 2013,    -4.6, ,    -0.1, ,    -0.8, ,     4.8, ,    12.0, ,    15.4, ,    16.9, ,    17.5, ,    13.3, ,     6.1, ,    -0.7, ,    -3.5, ,     6.4, ,    -4.2, ,     5.3, ,    16.6, ,     6.2, 
 2014,    -2.0, ,    -9.6, ,    -2.4, ,     5.7, ,    12.1, ,    14.1, ,    18.0, ,    17.6, ,    12.6, ,     6.7, ,    -3.2, ,    -4.3, ,     5.4, ,    -5.0, ,     5.1, ,    16.6, ,     5.4, 
 2015,    -2.3, ,    -1.6, ,     3.5, ,     6.3, ,    13.3, ,    16.6, ,    17.9, ,    15.1, ,     9.9, ,     6.4, ,    -3.4, ,    -7.4, ,     6.2, ,    -2.7, ,     7.7, ,    16.5, ,     4.3, 
 2016,    -6.1, ,    -0.5, ,     3.0, ,     7.5, ,    10.9, ,    14.0, ,    16.3, ,    16.0, ,    10.3, ,     3.7, ,     1.0, ,   -11.1, ,     5.4, ,    -4.7, ,     7.1, ,    15.4, ,     5.0, 
 2017,    -8.0, ,    -7.6, ,    -1.7, ,     4.6, ,    10.4, ,    12.8, ,    14.2, ,    16.1, ,    11.3, ,     4.2, ,    -3.4, ,    -9.8, ,     3.6, ,    -8.9, ,     4.4, ,    14.4, ,     4.0, 
 2018,    -7.2, ,   -10.5, ,    -2.1, ,     3.0, ,    11.6, ,    12.6, ,    16.9, ,    17.0, ,     8.4, ,     4.6, ,     0.8, ,    -5.2, ,     4.2, ,    -9.2, ,     4.2, ,    15.5, ,     4.6, 
 2019,    -3.3, ,   -13.4, ,    -1.4, ,     5.0, ,    13.0, ,    13.7, ,    16.0, ,    15.4, ,    10.8, ,     3.8, ,     0.0, ,    -5.7, ,     4.5, ,    -7.3, ,     5.5, ,    15.0, ,     4.9, 
