1016940,SAANICHTON_CDA      ,BC  , station not joined, Monthly mean of homogenized daily mean temperature                     , Deg Celcius,          Updated to December 2019
1016940,SAANICHTON_CDA      ,BC  , station non jointe, Moyenne mensuelle des temperatures quotidiennes moyennes homogeneisees , Deg Celsius, Mise a jour jusqu a decembre 2019
 Year,     Jan, ,     Feb, ,     Mar, ,     Apr, ,     May, ,     Jun, ,     Jul, ,     Aug, ,     Sep, ,     Oct, ,     Nov, ,     Dec, ,  Annual, ,  Winter, ,  Spring, ,  Summer, ,  Autumn
Annee,    Janv, ,     Fev, ,    Mars, ,     Avr, ,     Mai, ,    Juin, ,    Juil, ,    Aout, ,    Sept, ,     Oct, ,     Nov, ,     Dec, ,  Annuel, ,   Hiver, ,Printemp, ,     Ete, , Automne
 1914, -9999.9,M, -9999.9,M,     7.2, ,     9.9, ,    13.6, ,    14.6, ,    17.6, ,    16.9, ,    12.4, ,    11.1, ,     6.5, ,     3.3, , -9999.9,M, -9999.9,M,    10.2, ,    16.4, ,    10.0, 
 1915,     3.8, ,     5.2, ,     8.4, ,    10.7, ,    12.9, ,    15.6, ,    17.5, ,    18.5, ,    14.0, ,    10.2, ,     5.0, ,     4.0, ,    10.5, ,     4.1, ,    10.7, ,    17.2, ,     9.7, 
 1916,    -2.3, ,     2.9, ,     5.1, ,     8.1, ,    11.3, ,    14.7, ,    16.0, ,    16.6, ,    13.4, ,     8.5, ,     4.7, ,     2.1, ,     8.4, ,     1.5, ,     8.2, ,    15.8, ,     8.9, 
 1917,     2.0, ,     2.3, ,     3.7, ,     7.5, ,    10.7, ,    13.6, ,    17.0, ,    17.2, ,    13.4, ,     9.5, ,     7.8, ,     4.4, ,     9.1, ,     2.1, ,     7.3, ,    15.9, ,    10.2, 
 1918,     4.6, ,     3.0, ,     4.9, ,     8.7, ,    11.3, ,    16.0, ,    17.1, ,    15.9, ,    15.2, ,    10.0, ,     6.1, ,     3.9, ,     9.7, ,     4.0, ,     8.3, ,    16.3, ,    10.4, 
 1919,     4.2, ,     3.4, ,     5.6, ,     8.2, ,    11.0, ,    13.5, ,    16.3, ,    16.0, ,    13.9, ,     7.7, ,     5.2, ,     2.4, ,     9.0, ,     3.8, ,     8.3, ,    15.3, ,     8.9, 
 1920,     2.9, ,     4.0, ,     5.3, ,     6.8, ,     9.9, ,    13.6, ,    17.3, ,    17.7, ,    12.6, ,     8.2, ,     6.7, ,     4.6, ,     9.1, ,     3.1, ,     7.3, ,    16.2, ,     9.2, 
 1921,     3.2, ,     4.3, ,     5.4, ,     7.6, ,    11.4, ,    14.3, ,    15.7, ,    15.5, ,    12.1, ,     9.6, ,     5.7, ,     2.5, ,     8.9, ,     4.0, ,     8.1, ,    15.2, ,     9.1, 
 1922,     1.4, ,     1.8, ,     4.2, ,     7.2, ,    11.8, ,    15.8, ,    16.8, ,    16.3, ,    13.4, ,    10.0, ,     5.3, ,     1.9, ,     8.8, ,     1.9, ,     7.7, ,    16.3, ,     9.6, 
 1923,     3.2, ,     1.9, ,     5.2, ,     9.3, ,    11.6, ,    15.5, ,    17.7, ,    17.8, ,    14.3, ,    10.7, ,     6.8, ,     4.1, ,     9.8, ,     2.3, ,     8.7, ,    17.0, ,    10.6, 
 1924,     3.4, ,     6.2, ,     6.1, ,     8.1, ,    13.7, ,    15.4, ,    17.1, ,    15.9, ,    13.6, ,     9.8, ,     5.2, ,     2.1, ,     9.7, ,     4.6, ,     9.3, ,    16.1, ,     9.5, 
 1925,     4.1, ,     5.7, ,     5.9, ,     9.0, ,    14.3, ,    15.2, ,    17.6, ,    16.9, ,    13.9, ,     9.3, ,     6.0, ,     6.6, ,    10.4, ,     4.0, ,     9.7, ,    16.6, ,     9.7, 
 1926,     4.3, ,     6.4, ,     8.1, ,    11.1, ,    12.3, ,    16.4, ,    18.2, ,    16.5, ,    13.1, ,    10.9, ,     8.0, ,     4.1, ,    10.8, ,     5.8, ,    10.5, ,    17.0, ,    10.7, 
 1927,     3.2, ,     4.7, ,     5.1, ,     7.8, ,    10.9, ,    15.9, ,    17.9, ,    17.4, ,    13.4, ,     9.6, ,     5.5, ,     1.8, ,     9.4, ,     4.0, ,     7.9, ,    17.1, ,     9.5, 
 1928,     4.4, ,     4.6, ,     7.0, ,     8.0, ,    13.7, ,    15.0, ,    17.5, ,    16.2, ,    13.5, ,     9.4, ,     7.1, ,     3.9, ,    10.0, ,     3.6, ,     9.6, ,    16.2, ,    10.0, 
 1929,     0.6, ,     1.6, ,     5.9, ,     7.3, ,    11.6, ,    14.6, ,    17.2, ,    17.1, ,    14.8, ,    11.0, ,     5.8, ,     4.4, ,     9.3, ,     2.0, ,     8.3, ,    16.3, ,    10.5, 
 1930,    -0.9, ,     5.0, ,     6.5, ,     9.6, ,    11.4, ,    14.2, ,    16.7, ,    17.2, ,    14.1, ,     8.4, ,     5.5, ,     5.0, ,     9.4, ,     2.8, ,     9.2, ,    16.0, ,     9.3, 
 1931,     5.9, ,     5.1, ,     6.6, ,    10.0, ,    13.3, ,    14.2, ,    18.0, ,    16.3, ,    13.2, ,     9.4, ,     5.0, ,     4.2, ,    10.1, ,     5.3, ,    10.0, ,    16.2, ,     9.2, 
 1932,     2.3, ,     3.7, ,     6.2, ,     9.1, ,    11.3, ,    15.9, ,    14.8, ,    16.3, ,    13.5, ,    10.7, ,     7.4, ,     2.4, ,     9.5, ,     3.4, ,     8.9, ,    15.7, ,    10.5, 
 1933,     2.7, ,     1.5, ,     5.3, ,     8.0, ,    10.0, ,    14.0, ,    16.0, ,    18.1, ,    12.0, ,     9.8, ,     7.0, ,     4.3, ,     9.1, ,     2.2, ,     7.8, ,    16.0, ,     9.6, 
 1934,     5.2, ,     6.4, ,     8.2, ,    11.3, ,    13.0, ,    15.6, ,    16.0, ,    16.7, ,    13.4, ,    10.8, ,     7.7, ,     4.4, ,    10.7, ,     5.3, ,    10.8, ,    16.1, ,    10.6, 
 1935,     2.9, ,     5.3, ,     4.4, ,     8.1, ,    11.8, ,    15.0, ,    16.6, ,    16.7, ,    14.8, ,     9.0, ,     5.5, ,     5.9, ,     9.7, ,     4.2, ,     8.1, ,    16.1, ,     9.8, 
 1936,     4.6, ,    -0.5, ,     4.4, ,     9.7, ,    13.2, ,    15.6, ,    16.7, ,    17.3, ,    12.7, ,    11.3, ,     6.2, ,     4.8, ,     9.7, ,     3.3, ,     9.1, ,    16.5, ,    10.1, 
 1937,    -1.2, ,     2.6, ,     7.1, ,     7.9, ,    11.8, ,    15.4, ,    17.4, ,    15.8, ,    14.2, ,    11.5, ,     6.9, ,     4.6, ,     9.5, ,     2.1, ,     8.9, ,    16.2, ,    10.9, 
 1938,     4.1, ,     4.5, ,     5.9, ,     9.5, ,    12.3, ,    15.6, ,    17.5, ,    15.7, ,    15.1, ,    10.8, ,     5.7, ,     5.0, ,    10.1, ,     4.4, ,     9.2, ,    16.3, ,    10.5, 
 1939,     5.0, ,     2.8, ,     5.8, ,     9.3, ,    12.5, ,    14.0, ,    16.8, ,    17.7, ,    14.5, ,    10.3, ,     8.5, ,     6.9, ,    10.3, ,     4.3, ,     9.2, ,    16.2, ,    11.1, 
 1940,     5.3, ,     6.0, ,     7.5, ,    10.3, ,    13.6, ,    16.4, ,    16.7, ,    17.5, ,    15.5, ,    11.7, ,     5.1, ,     5.7, ,    10.9, ,     6.1, ,    10.5, ,    16.9, ,    10.8, 
 1941,     5.5, ,     6.4, ,     9.0, ,    10.5, ,    12.2, ,    14.7, ,    18.7, ,    16.8, ,    13.0, ,    10.7, ,     7.7, ,     4.7, ,    10.8, ,     5.9, ,    10.6, ,    16.7, ,    10.5, 
 1942,     4.0, ,     4.8, ,     6.0, ,     9.5, ,    12.0, ,    14.6, ,    17.9, ,    17.9, ,    14.2, ,    10.8, ,     5.5, ,     4.9, ,    10.2, ,     4.5, ,     9.2, ,    16.8, ,    10.2, 
 1943,     0.4, ,     5.0, ,     5.2, ,     9.3, ,    10.5, ,    14.3, ,    15.9, ,    16.3, ,    15.1, ,    10.3, ,     7.4, ,     4.4, ,     9.5, ,     3.4, ,     8.3, ,    15.5, ,    10.9, 
 1944,     4.2, ,     4.5, ,     5.3, ,     8.8, ,    11.6, ,    14.9, ,    17.0, ,    16.4, ,    15.4, ,    12.0, ,     7.0, ,     3.7, ,    10.1, ,     4.4, ,     8.6, ,    16.1, ,    11.5, 
 1945,     5.0, ,     5.0, ,     5.5, ,     7.4, ,    12.7, ,    14.1, ,    16.7, ,    16.1, ,    13.1, ,    10.3, ,     4.9, ,     4.3, ,     9.6, ,     4.6, ,     8.5, ,    15.6, ,     9.4, 
 1946,     4.3, ,     4.7, ,     5.7, ,     8.0, ,    13.5, ,    13.7, ,    16.6, ,    16.5, ,    13.3, ,     8.7, ,     4.3, ,     3.3, ,     9.4, ,     4.4, ,     9.1, ,    15.6, ,     8.8, 
 1947,     1.7, ,     5.5, ,     7.2, ,     9.6, ,    13.3, ,    14.9, ,    16.6, ,    15.8, ,    14.1, ,     9.8, ,     5.5, ,     4.8, ,     9.9, ,     3.5, ,    10.0, ,    15.8, ,     9.8, 
 1948,     3.7, ,     3.1, ,     5.2, ,     7.1, ,    11.2, ,    15.6, ,    15.7, ,    15.1, ,    12.9, ,     9.4, ,     5.6, ,     2.0, ,     8.9, ,     3.9, ,     7.8, ,    15.5, ,     9.3, 
 1949,     0.0, ,     2.2, ,     6.5, ,     8.7, ,    13.1, ,    13.9, ,    15.9, ,    15.8, ,    15.2, ,     8.8, ,     9.4, ,     2.7, ,     9.4, ,     1.4, ,     9.4, ,    15.2, ,    11.1, 
 1950,    -3.9, ,     3.9, ,     4.7, ,     7.6, ,    10.2, ,    15.0, ,    16.6, ,    16.4, ,    14.1, ,     9.1, ,     5.9, ,     6.4, ,     8.8, ,     0.9, ,     7.5, ,    16.0, ,     9.7, 
 1951,     2.7, ,     4.0, ,     3.9, ,     9.9, ,    12.1, ,    15.6, ,    17.0, ,    15.9, ,    14.9, ,    10.1, ,     6.6, ,     2.3, ,     9.6, ,     4.4, ,     8.6, ,    16.2, ,    10.5, 
 1952,     2.3, ,     4.4, ,     5.4, ,     8.8, ,    11.7, ,    12.8, ,    16.5, ,    16.3, ,    14.9, ,    11.6, ,     5.8, ,     5.1, ,     9.6, ,     3.0, ,     8.6, ,    15.2, ,    10.8, 
 1953,     5.4, ,     4.5, ,     5.8, ,     8.3, ,    11.7, ,    12.7, ,    16.4, ,    16.4, ,    14.4, ,    10.5, ,     7.8, ,     5.3, ,     9.9, ,     5.0, ,     8.6, ,    15.2, ,    10.9, 
 1954,     1.1, ,     5.1, ,     4.7, ,     6.8, ,    12.0, ,    12.6, ,    14.4, ,    15.1, ,    13.8, ,     9.4, ,     8.5, ,     4.6, ,     9.0, ,     3.8, ,     7.8, ,    14.0, ,    10.6, 
 1955,     3.8, ,     2.8, ,     3.0, ,     6.4, ,     9.4, ,    13.5, ,    14.4, ,    15.5, ,    13.3, ,     9.2, ,     2.7, ,     2.3, ,     8.0, ,     3.7, ,     6.3, ,    14.5, ,     8.4, 
 1956,     3.0, ,     1.5, ,     4.2, ,     9.4, ,    13.3, ,    12.7, ,    17.0, ,    16.2, ,    13.1, ,     8.8, ,     5.2, ,     4.3, ,     9.1, ,     2.3, ,     9.0, ,    15.3, ,     9.0, 
 1957,     0.0, ,     2.6, ,     6.1, ,     9.0, ,    13.6, ,    14.9, ,    15.0, ,    15.7, ,    15.9, ,     9.9, ,     6.1, ,     5.4, ,     9.5, ,     2.3, ,     9.6, ,    15.2, ,    10.6, 
 1958,     5.9, ,     7.1, ,     6.6, ,     9.0, ,    14.3, ,    17.0, ,    19.4, ,    18.1, ,    14.3, ,    10.7, ,     5.7, ,     5.8, ,    11.2, ,     6.1, ,    10.0, ,    18.2, ,    10.2, 
 1959,     3.6, ,     4.1, ,     5.7, ,     8.6, ,    11.3, ,    14.5, ,    17.2, ,    16.0, ,    13.0, ,     9.8, ,     5.6, ,     4.3, ,     9.5, ,     4.5, ,     8.5, ,    15.9, ,     9.5, 
 1960,     3.2, ,     4.8, ,     5.2, ,     8.9, ,    10.9, ,    14.0, ,    17.3, ,    15.6, ,    13.3, ,    10.6, ,     6.0, ,     4.0, ,     9.5, ,     4.1, ,     8.3, ,    15.6, ,    10.0, 
 1961,     5.2, ,     6.1, ,     6.5, ,     8.4, ,    11.6, ,    15.7, ,    17.6, ,    17.8, ,    13.1, ,     9.2, ,     4.9, ,     3.4, ,    10.0, ,     5.1, ,     8.8, ,    17.0, ,     9.1, 
 1962,     3.7, ,     5.1, ,     4.7, ,     8.8, ,    10.5, ,    13.8, ,    15.9, ,    15.5, ,    14.5, ,    10.8, ,     7.3, ,     5.6, ,     9.7, ,     4.1, ,     8.0, ,    15.1, ,    10.9, 
 1963,     1.6, ,     7.6, ,     6.2, ,     8.6, ,    12.8, ,    14.8, ,    15.7, ,    16.7, ,    15.8, ,    11.0, ,     6.6, ,     4.9, ,    10.2, ,     4.9, ,     9.2, ,    15.7, ,    11.1, 
 1964,     4.5, ,     4.9, ,     6.1, ,     7.5, ,    10.6, ,    14.2, ,    15.7, ,    16.1, ,    13.1, ,    10.6, ,     5.1, ,     2.1, ,     9.2, ,     4.8, ,     8.1, ,    15.3, ,     9.6, 
 1965,     3.2, ,     4.7, ,     6.4, ,     8.7, ,    10.3, ,    14.2, ,    17.2, ,    16.7, ,    13.2, ,    11.3, ,     7.4, ,     4.1, ,     9.8, ,     3.3, ,     8.5, ,    16.0, ,    10.6, 
 1966,     3.6, ,     4.8, ,     6.2, ,     9.1, ,    11.4, ,    13.8, ,    15.2, ,    16.5, ,    14.6, ,     9.6, ,     7.1, ,     6.3, ,     9.9, ,     4.2, ,     8.9, ,    15.2, ,    10.4, 
 1967,     4.8, ,     5.5, ,     5.2, ,     7.4, ,    11.6, ,    16.3, ,    17.0, ,    18.6, ,    15.8, ,    10.5, ,     7.3, ,     4.2, ,    10.4, ,     5.5, ,     8.1, ,    17.3, ,    11.2, 
 1968,     3.7, ,     7.1, ,     7.1, ,     7.9, ,    12.2, ,    13.9, ,    18.0, ,    15.9, ,    13.8, ,     9.3, ,     6.9, ,     2.0, ,     9.8, ,     5.0, ,     9.1, ,    15.9, ,    10.0, 
 1969,    -1.3, ,     3.8, ,     6.7, ,     8.2, ,    13.0, ,    16.7, ,    16.8, ,    15.5, ,    13.9, ,    10.0, ,     7.0, ,     5.5, ,     9.7, ,     1.5, ,     9.3, ,    16.3, ,    10.3, 
 1970,     4.1, ,     6.7, ,     6.9, ,     7.5, ,    11.0, ,    15.6, ,    16.4, ,    16.0, ,    13.0, ,     9.5, ,     6.4, ,     3.2, ,     9.7, ,     5.4, ,     8.5, ,    16.0, ,     9.6, 
 1971,     3.1, ,     4.5, ,     4.3, ,     8.2, ,    11.7, ,    12.4, ,    16.9, ,    17.7, ,    13.2, ,     9.2, ,     6.3, ,     1.9, ,     9.1, ,     3.6, ,     8.1, ,    15.7, ,     9.6, 
 1972,     1.0, ,     4.1, ,     6.5, ,     6.4, ,    12.7, ,    13.8, ,    17.2, ,    17.2, ,    12.4, ,     8.9, ,     6.8, ,     2.4, ,     9.1, ,     2.3, ,     8.5, ,    16.1, ,     9.4, 
 1973,     2.9, ,     5.1, ,     6.2, ,     8.6, ,    11.9, ,    13.6, ,    16.3, ,    14.9, ,    14.6, ,     9.8, ,     4.4, ,     5.3, ,     9.5, ,     3.5, ,     8.9, ,    14.9, ,     9.6, 
 1974,     3.2, ,     4.8, ,     5.7, ,     8.8, ,    10.0, ,    14.1, ,    15.4, ,    16.6, ,    16.5, ,    10.4, ,     6.5, ,     5.6, ,     9.8, ,     4.4, ,     8.2, ,    15.4, ,    11.1, 
 1975,     3.1, ,     2.9, ,     5.3, ,     6.9, ,    11.5, ,    13.7, ,    16.9, ,    15.3, ,    15.1, ,     9.6, ,     6.3, ,     4.3, ,     9.2, ,     3.9, ,     7.9, ,    15.3, ,    10.3, 
 1976,     4.6, ,     4.2, ,     4.6, ,     8.5, ,    10.8, ,    13.0, ,    15.7, ,    14.9, ,    14.5, ,    10.2, ,     7.3, ,     5.7, ,     9.5, ,     4.4, ,     8.0, ,    14.5, ,    10.7, 
 1977,     3.3, ,     7.3, ,     5.9, ,     9.7, ,    10.6, ,    14.8,E,    16.0, ,    18.0, ,    13.0, ,     9.7, ,     5.6, ,     3.9, ,     9.8,E,     5.4, ,     8.7, ,    16.3,E,     9.4, 
 1978,     4.3, ,     5.8, ,     7.5, ,     9.2, ,    11.6, ,    16.1, ,    17.2, ,    16.4, ,    13.0, ,    10.3, ,     4.4, ,     2.7, ,     9.9, ,     4.7, ,     9.4, ,    16.6, ,     9.2, 
 1979,     1.5, ,     3.8, ,     7.5, ,     8.6, ,    12.0, ,    14.2,E,    16.9, ,    16.3, ,    15.4, ,    11.0, ,     6.2, ,     6.3, ,    10.0,E,     2.7, ,     9.4, ,    15.8,E,    10.9, 
 1980,     1.1, ,     5.4, ,     5.9, ,    10.0, ,    11.8, ,    13.5, ,    16.0, ,    15.3, ,    13.6, ,    10.7, ,     7.1, ,     5.5, ,     9.7, ,     4.3, ,     9.2, ,    14.9, ,    10.5, 
 1981,     6.3, ,     5.6, ,     7.9, ,     8.4, ,    11.5, ,    13.0, ,    15.9, ,    17.7, ,    13.9, ,     9.1, ,     7.4, ,     4.1, ,    10.1, ,     5.8, ,     9.3, ,    15.5, ,    10.1, 
 1982,     2.5, ,     4.5, ,     5.8, ,     7.0, ,    11.4, ,    15.7, ,    15.7, ,    16.0, ,    14.6, ,     9.9, ,     4.7, ,     4.4, ,     9.4, ,     3.7, ,     8.1, ,    15.8, ,     9.7, 
 1983,     6.2, ,     6.5, ,     8.0, ,     9.1, ,    13.2, ,    14.6, ,    16.3, ,    17.1, ,    13.6, ,     9.6, ,     8.3, ,     1.5, ,    10.3, ,     5.7, ,    10.1, ,    16.0, ,    10.5, 
 1984,     5.7, ,     6.3, ,     8.4, ,     8.7, ,    10.6, ,    13.9, ,    16.9, ,    16.4, ,    13.6, ,     8.7, ,     5.9, ,     1.9, ,     9.8, ,     4.5, ,     9.2, ,    15.7, ,     9.4, 
 1985,     3.1, ,     3.8, ,     5.9, ,     9.0, ,    12.2, ,    14.6, ,    18.6, ,    16.8, ,    13.7, ,    10.5, ,     1.1, ,     2.7, ,     9.3, ,     2.9, ,     9.0, ,    16.7, ,     8.4, 
 1986,     6.3, ,     4.9, ,     8.5, ,     8.0, ,    11.7, ,    14.7, ,    15.0, ,    17.8, ,    14.1, ,    11.0, ,     6.6, ,     5.3, ,    10.3, ,     4.6, ,     9.4, ,    15.8, ,    10.6, 
 1987,     4.8, ,     7.0, ,     7.8, ,    10.0, ,    12.7, ,    15.4, ,    16.8, ,    17.1, ,    15.5, ,    11.9, ,     8.0, ,     4.0, ,    10.9, ,     5.7, ,    10.2, ,    16.4, ,    11.8, 
 1988,     3.6, ,     5.5, ,     6.4, ,     9.3, ,    11.6, ,    14.4, ,    17.4, ,    17.0, ,    13.7, ,    11.0, ,     7.0, ,     5.6, ,    10.2, ,     4.4, ,     9.1, ,    16.3, ,    10.6, 
 1989,     4.3, ,     1.1,E,     5.3, ,    10.8, ,    12.3, ,    15.5,E,    16.1, ,    16.2, ,    15.5, ,    10.5,E,     7.5, ,     5.9,E,    10.1,E,     3.7,E,     9.5, ,    15.9,E,    11.2,E
 1990,     5.1,E,     3.5, ,     6.9, ,    10.4, ,    11.4, ,    14.5, ,    18.5, ,    18.1, ,    15.6, ,     9.4, ,     6.9, ,     1.5, ,    10.2,E,     4.8,E,     9.6, ,    17.0, ,    10.6, 
 1991,     3.1, ,     7.6,E,     5.8, ,     8.7, ,    11.6, ,    13.6, ,    16.7, ,    16.9, ,    15.1, ,     9.8, ,     7.3, ,     5.9, ,    10.2,E,     4.1,E,     8.7, ,    15.7, ,    10.7, 
 1992,     5.9, ,     6.7, ,     9.0, ,     9.8, ,    13.6, ,    16.6, ,    17.2, ,    16.9, ,    13.4, ,    11.1,E,     6.8, ,     3.2, ,    10.9,E,     6.2, ,    10.8, ,    16.9, ,    10.4,E
 1993,     1.9, ,     4.1, ,     7.4, ,     9.3,E,    13.8, ,    14.9,E,    15.4, ,    16.9, ,    14.4, ,    11.3,E,     5.2, ,     5.1,E,    10.0,E,     3.1, ,    10.2,E,    15.7,E,    10.3,E
 1994,     6.7, ,     3.8, ,     7.7, ,    10.1,E,    13.2, ,    14.2, ,    17.5, ,    17.7,E,    15.3, ,    10.1, ,     5.5, ,     4.5, ,    10.5,E,     5.2,E,    10.3,E,    16.5,E,    10.3, 
 1995,     5.3, ,     6.2, ,     7.0, ,     9.1, ,    13.9, ,    16.1, ,    17.8, ,    15.5, ,    15.9, ,    10.4,E,     8.4, ,     5.0,E,    10.9,E,     5.3, ,    10.0, ,    16.5, ,    11.6,E
 1996,     3.6, ,     5.3,E,     7.2, ,     9.7, ,    10.9, ,    14.6, ,    17.9, ,    17.6, ,    13.4, ,     9.7, ,     5.6,E,     3.0, ,     9.9,E,     4.6,E,     9.3, ,    16.7, ,     9.6,E
 1997,     4.8, ,     5.8, ,     6.1, ,     8.7, ,    13.7, ,    14.3, ,    17.0, ,    18.1, ,    15.5, ,    10.3, ,     8.1, ,     5.8, ,    10.7, ,     4.5, ,     9.5, ,    16.5, ,    11.3, 
 1998,     4.5, ,     6.5, ,     7.6, ,     9.6, ,    12.8, ,    15.3, ,    17.5, ,    18.1,E,    15.2, ,    10.7, ,     7.9, ,     4.8, ,    10.9,E,     5.6, ,    10.0, ,    17.0,E,    11.3, 
 1999,     5.4, ,     5.3, ,     6.0, ,     8.8, ,    10.8, ,    14.1,E,    16.2, ,    17.3, ,    14.6, ,    10.2, ,     7.8, ,     5.6, ,    10.2,E,     5.2, ,     8.5, ,    15.9,E,    10.9, 
 2000,     4.1, ,     5.9, ,     6.7, ,     9.4, ,    11.6, ,    15.4, ,    16.8, ,    16.1, ,    14.7, ,    10.7, ,     6.2,E,     4.4, ,    10.2,E,     5.2, ,     9.2, ,    16.1, ,    10.5,E
 2001,     5.6, ,     4.5, ,     7.1, ,     8.9, ,    11.6,E,    13.8,E,    16.5, ,    16.8, ,    14.6, ,    10.3, ,     7.7, ,     4.4, ,    10.2,E,     4.8, ,     9.2,E,    15.7,E,    10.9, 
 2002,     4.9, ,     5.0, ,     4.8, ,     8.7, ,    11.2, ,    15.5, ,    17.2, ,    17.2, ,    14.9, ,    10.0, ,     8.1, ,     5.5,E,    10.3,E,     4.8, ,     8.2, ,    16.6, ,    11.0, 
 2003,     7.3, ,     5.5, ,     7.3, ,     9.0, ,    11.9, ,    16.6, ,    18.2, ,    18.0, ,    15.6, ,    11.5, ,     5.5, ,     5.1, ,    11.0, ,     6.1,E,     9.4, ,    17.6, ,    10.9, 
 2004,     4.7, ,     6.3, ,     8.4, ,    11.1,E,    13.0, ,    16.2, ,    18.7, ,    18.2, ,    13.8, ,    10.6, ,     7.2, ,     5.3,E,    11.1,E,     5.4, ,    10.8,E,    17.7, ,    10.5, 
 2005,     4.4, ,     5.2, ,     8.4, ,    10.0, ,    13.7, ,    14.9, ,    17.2, ,    17.3, ,    13.9, ,    10.4, ,     5.6, ,     5.3, ,    10.5, ,     5.0,E,    10.7, ,    16.5, ,    10.0, 
 2006,     6.4, ,     4.9, ,     6.6, ,     9.2, ,    12.4, ,    15.5, ,    17.6, ,    16.4, ,    14.6, ,    10.0, ,     5.7, ,     4.7, ,    10.3, ,     5.5, ,     9.4, ,    16.5, ,    10.1, 
 2007,     3.4, ,     5.8, ,     6.8, ,     8.7, ,    11.9, ,    14.1, ,    17.9, ,    16.9, ,    13.4, ,     9.6, ,     6.0, ,     4.1, ,     9.9, ,     4.6, ,     9.1, ,    16.3, ,     9.7, 
 2008,     3.6, ,     5.2, ,     5.4, ,     6.7, ,    11.8, ,    13.4, ,    16.3, ,    16.8, ,    14.5, ,     9.5, ,     8.6, ,     2.5, ,     9.5, ,     4.3, ,     8.0, ,    15.5, ,    10.9, 
 2009,     3.2, ,     4.5, ,     4.7, ,     8.2, ,    11.7, ,    15.8, ,    18.3, ,    16.8, ,    14.8, ,    10.1, ,     6.8, ,     2.9, ,     9.8, ,     3.4, ,     8.2, ,    17.0, ,    10.6, 
 2010,     6.7, ,     7.2, ,     7.1, ,     8.8, ,    10.9, ,    13.6, ,    16.3, ,    16.8, ,    14.1, ,    10.2, ,     5.2, ,     5.0, ,    10.2, ,     5.6, ,     8.9, ,    15.6, ,     9.8, 
 2011,     4.3, ,     3.0, ,     6.4, ,     6.6, ,    10.3, ,    14.0, ,    16.1, ,    16.6, ,    15.2, ,     9.5, ,     5.5, ,     4.2, ,     9.3, ,     4.1, ,     7.8, ,    15.6, ,    10.1, 
 2012,     3.9, ,     5.3, ,     5.4, ,     9.2, ,    11.3, ,    13.2, ,    16.0, ,    17.3, ,    14.4, ,    10.0, ,     6.8, ,     4.3, ,     9.8, ,     4.5, ,     8.6, ,    15.5, ,    10.4, 
 2013,     3.5, ,     5.3, ,     7.0, ,     9.2, ,    12.5, ,    15.4, ,    17.2, ,    16.9, ,    15.0, , -9999.9,M,     6.5, ,     2.9, , -9999.9,M,     4.4, ,     9.6, ,    16.5, , -9999.9,M
 2014,     5.0, ,     3.1, ,     7.0, ,    10.2, ,    13.7, ,    15.4, ,    18.1, ,    17.8, ,    15.7, ,    12.1, ,     6.6, ,     5.7, ,    10.9, ,     3.7, ,    10.3, ,    17.1, ,    11.5, 
 2015,     6.5, ,     8.1, ,     8.5, ,     9.1, ,    14.2, ,    18.1, ,    19.2, ,    17.9, ,    13.9, ,    12.3, ,     6.2, ,     5.2, ,    11.6, ,     6.8, ,    10.6, ,    18.4, ,    10.8, 
 2016,     5.4, ,     7.5, ,     8.5, ,    12.3, ,    14.7, ,    16.0, ,    17.8, ,    18.4, ,    14.8, ,    10.8, ,     8.8, , -9999.9,M, -9999.9,M,     6.0, ,    11.8, ,    17.4, ,    11.5, 
 2017,     2.9, ,     4.0, ,     6.7, ,     9.2, ,    12.7, ,    15.2, ,    17.4, ,    18.5, ,    16.2, ,    10.6, ,     6.7, , -9999.9,M, -9999.9,M, -9999.9,M,     9.5, ,    17.0, ,    11.2, 
 2018,     5.8, ,     4.9, ,     6.6, ,    10.1, ,    14.4, ,    14.9, ,    18.8, ,    17.8, ,    14.0, ,    10.6, ,     8.1, ,     5.6, ,    11.0, , -9999.9,M,    10.4, ,    17.2, ,    10.9, 
 2019,     5.7, , -9999.9,M,     6.9, ,    10.1, , -9999.9,M, -9999.9,M, -9999.9,M, -9999.9,M, -9999.9,M, -9999.9,M, -9999.9,M, -9999.9,M, -9999.9,M, -9999.9,M, -9999.9,M, -9999.9,M, -9999.9,M
