1036240,PORT_ALICE          ,BC  , station not joined, Monthly mean of homogenized daily mean temperature                     , Deg Celcius,          Updated to December 2019
1036240,PORT_ALICE          ,BC  , station non jointe, Moyenne mensuelle des temperatures quotidiennes moyennes homogeneisees , Deg Celsius, Mise a jour jusqu a decembre 2019
 Year,     Jan, ,     Feb, ,     Mar, ,     Apr, ,     May, ,     Jun, ,     Jul, ,     Aug, ,     Sep, ,     Oct, ,     Nov, ,     Dec, ,  Annual, ,  Winter, ,  Spring, ,  Summer, ,  Autumn
Annee,    Janv, ,     Fev, ,    Mars, ,     Avr, ,     Mai, ,    Juin, ,    Juil, ,    Aout, ,    Sept, ,     Oct, ,     Nov, ,     Dec, ,  Annuel, ,   Hiver, ,Printemp, ,     Ete, , Automne
 1956,     2.5, ,     2.4, ,     3.8, ,     8.7, ,    13.3, ,    11.7, ,    16.0, ,    16.8, ,    14.0, ,     8.8, ,     5.7, ,     5.2, ,     9.1, , -9999.9,M,     8.6, ,    14.8, ,     9.5, 
 1957,     0.7, ,     2.8, ,     5.2, , -9999.9,M,    13.3, ,    14.1, ,    14.4, ,    15.6, ,    15.7, ,     9.6, ,     7.0, ,     5.4, , -9999.9,M,     2.9, , -9999.9,M,    14.7, ,    10.8, 
 1958,     6.7, ,     7.4, ,     6.5, ,     9.0, ,    13.7, ,    17.2, ,    19.0, ,    16.8, ,    13.6, ,    11.1, ,     4.9, ,     6.5, ,    11.0, ,     6.5, ,     9.7, ,    17.7, ,     9.9, 
 1959,     3.9, ,     4.5, ,     5.5, ,     8.3, ,    11.1, ,    13.6, ,    16.2, ,    14.8, ,    13.2, ,    10.5, ,     6.8, ,     5.3, ,     9.5, ,     5.0, ,     8.3, ,    14.9, ,    10.2, 
 1960,     3.7, ,     5.2, ,     5.5, ,     9.1, ,    10.9, ,    13.2, ,    16.4, ,    15.2, ,    13.4, ,    11.3, ,     6.0, , -9999.9,M, -9999.9,M,     4.7, ,     8.5, ,    14.9, ,    10.2, 
 1961, -9999.9,M,     5.4, ,     5.3, ,     8.3, ,    11.5, ,    13.8, ,    17.7, ,    18.0, ,    13.0, ,     9.2, ,     4.7, ,     4.0, , -9999.9,M, -9999.9,M,     8.4, ,    16.5, ,     9.0, 
 1962,     5.2, ,     4.8, ,     4.8, ,     7.7, ,    10.1, ,    13.7, ,    15.9, ,    15.6, ,    13.8, ,    10.8, ,     7.4, ,     6.8, ,     9.7, ,     4.7, ,     7.5, ,    15.1, ,    10.7, 
 1963,     4.1, ,     8.1, ,     5.0, ,     8.0, ,    11.1, ,    12.9, ,    15.0, ,    16.6, , -9999.9,M,    10.6, , -9999.9,M,     6.1, , -9999.9,M,     6.3, ,     8.0, ,    14.8, , -9999.9,M
 1964,     4.3, ,     5.1, ,     5.2, ,     6.9, ,    10.3, , -9999.9,M,    14.5, ,    15.0, ,    14.0, , -9999.9,M, -9999.9,M,     1.3, , -9999.9,M,     5.2, ,     7.5, , -9999.9,M, -9999.9,M
 1965,     2.3, ,     4.0, ,     6.4, ,     6.5, ,     9.0, ,    13.7, , -9999.9,M, -9999.9,M, -9999.9,M, -9999.9,M,     6.7, ,     2.3, , -9999.9,M,     2.5, ,     7.3, , -9999.9,M, -9999.9,M
 1966,     3.9, ,     5.1, ,     5.3, ,     7.7, ,    10.0, ,    12.3, ,    15.4, ,    16.0, ,    14.3, ,     9.0, , -9999.9,M,     5.1, , -9999.9,M,     3.8, ,     7.7, ,    14.6, , -9999.9,M
 1967,     3.6, ,     5.3, ,     4.0, ,     6.7, , -9999.9,M,    14.2, ,    14.4, ,    17.0, ,    14.0, , -9999.9,M, -9999.9,M,     4.7, , -9999.9,M,     4.7, , -9999.9,M,    15.2, , -9999.9,M
 1968,     3.9, ,     5.1, ,     8.0, ,     7.0, ,    11.9, ,    13.1, ,    17.2, ,    15.7, ,    13.8, ,     9.7, ,     7.5, ,     1.0, ,     9.5, ,     4.6, ,     9.0, ,    15.3, ,    10.3, 
 1969,    -1.1, ,     3.3, ,     6.4, ,     7.1, ,    12.3, ,    16.6, ,    15.4, ,    14.2, ,    13.7, ,    10.2, ,     8.9, ,     7.0, ,     9.5, ,     1.1, ,     8.6, ,    15.4, ,    10.9, 
 1970,     4.1, ,     7.2, ,     7.2, ,     7.5, ,    10.4, ,    14.5, ,    14.8, ,    15.4, ,    12.8, ,    10.4, ,     5.7, ,     3.1, ,     9.4, ,     6.1, ,     8.4, ,    14.9, ,     9.6, 
 1971,     2.7, ,     4.3, ,     4.1, ,     7.1, ,    10.2, ,    12.0, ,    17.0, ,    17.0, ,    12.9, ,     9.4, ,     6.3, ,     1.7, ,     8.7, ,     3.4, ,     7.1, ,    15.3, ,     9.5, 
 1972,     0.8, ,     3.7, ,     6.3, ,     5.6, ,    12.2, ,    13.5, ,    16.5, ,    16.9, ,    12.2,E,     9.3,E,     6.9,E, -9999.9,M, -9999.9,M,     2.1, ,     8.0, ,    15.6, ,     9.5,E
 1973,     3.3, , -9999.9,M,     5.8, ,     8.4, ,    10.6, ,    12.3, , -9999.9,M,    14.4, , -9999.9,M,     8.8, ,     3.1, ,     4.7, , -9999.9,M, -9999.9,M,     8.3, , -9999.9,M, -9999.9,M
 1974,     2.3, ,     4.2, ,     5.5, ,     8.0, ,     9.4, ,    12.7, ,    14.6, ,    16.7, ,    15.3, ,    10.9, ,     6.1, ,     5.4, ,     9.3, ,     3.7, ,     7.6, ,    14.7, ,    10.8, 
 1975,     2.4, ,     2.3, ,     4.1, ,     6.5, ,    10.4, ,    12.4, , -9999.9,M,    13.8, ,    13.5, ,     8.8, ,     4.7, ,     3.8, , -9999.9,M,     3.4, ,     7.0, , -9999.9,M,     9.0, 
 1976,     4.6, ,     3.3, ,     4.0, ,     7.8, ,     9.1, ,    11.4, ,    14.0, ,    14.5, ,    14.1, ,    10.3, ,     6.2, ,     6.0,E,     8.8,E,     3.9, ,     7.0, ,    13.3, ,    10.2, 
 1977,     4.5,E,     7.9, ,     5.0, ,     9.6, ,     9.8, ,    13.4,E,    14.4,E,    18.1, ,    12.7,E,     9.7,E,     4.9,E, -9999.9,M, -9999.9,M,     6.1,E,     8.1, ,    15.3,E,     9.1,E
 1978,     3.2,E,     6.3,E,     6.4,E,     8.3,E,    10.1,E,    15.3,E,    17.3,E,    15.9,E,    13.0,E,    10.6, ,     5.5,E, -9999.9,M, -9999.9,M, -9999.9,M,     8.3,E,    16.2,E,     9.7,E
 1979,     1.6,E,     3.0, ,     6.9,E,     8.3,E,    11.0, ,    13.1,E,    17.1, ,    17.3,E,    14.2,E,    10.5, ,     6.3,E,     5.7,E,     9.6,E, -9999.9,M,     8.7,E,    15.8,E,    10.3,E
 1980,     2.1,E,     5.7,E,     5.8,E,     8.6, ,    11.4, ,    14.2, ,    16.3, ,    15.3, ,    13.7,E,    11.5, ,     7.7, ,     5.8,E,     9.8,E,     4.5,E,     8.6,E,    15.3, ,    11.0,E
 1981,     8.0,E,     6.0, ,     7.6, ,     7.4,E,    11.0, ,    12.3, ,    16.5,E,    17.4,E,    14.2,E,     9.3, ,     8.1,E,     4.2,E,    10.2,E,     6.6,E,     8.7,E,    15.4,E,    10.5,E
 1982,     2.5, ,     4.0,E,     5.0,E,     5.8,E,    10.3,E,    16.1, ,    15.6,E,    15.9,E,    14.5,E,    10.2,E,     4.6, ,     4.6,E,     9.1,E,     3.6,E,     7.0,E,    15.9,E,     9.8,E
 1983,     6.3, ,     6.3, ,     7.2, ,     9.3, ,    13.2,E,    13.3, ,    15.3,E,    16.0, ,    12.8,E,     9.4, ,     6.4, ,     1.8,E,     9.8,E,     5.7,E,     9.9,E,    14.9,E,     9.5,E
 1984,     5.4, ,     5.8, ,     7.9, ,     7.3,E,     9.6,E,    12.8, ,    15.9, ,    15.4, ,    12.7, ,     8.9, ,     4.9, ,     2.5,E,     9.1,E,     4.3,E,     8.3,E,    14.7, ,     8.8, 
 1985,     5.7,E,     4.4, ,     5.0,E,     6.8, ,    11.4, ,    13.3, ,    17.3,E,    15.3, ,    12.8, ,     9.1, ,     1.2, ,     4.4,E,     8.9,E,     4.2,E,     7.7,E,    15.3,E,     7.7, 
 1986,     6.6, ,     3.6,E,     7.7,E,     7.1, ,    10.4, ,    13.8, ,    15.0, ,    18.1, ,    13.4,E,    12.3, ,     7.9, ,     5.1, ,    10.1,E,     4.9,E,     8.4,E,    15.6, ,    11.2,E
 1987,     5.5,E,     6.7, ,     7.5, ,     8.2, ,    11.0, ,    13.8, ,    15.9, ,    16.2, ,    14.4, ,    10.7, ,     8.4, ,     3.8, ,    10.2,E,     5.8,E,     8.9, ,    15.3, ,    11.2, 
 1988,     4.3, ,     6.2, ,     6.0, ,     8.0, ,    10.3, ,    12.1, ,    15.0, ,    15.5, ,    13.1, ,    11.4, ,     7.1, ,     5.7, ,     9.6, ,     4.8, ,     8.1, ,    14.2, ,    10.5, 
 1989,     4.2, ,     1.0, ,     5.0, ,     9.4, ,    12.0, ,    14.4, ,    15.6, ,    16.2, ,    15.0, ,    10.5, ,     7.3, ,     7.6, ,     9.9, ,     3.6, ,     8.8, ,    15.4, ,    10.9, 
 1990,     4.6, ,     2.9, ,     7.0, ,     9.3, ,    11.2, ,    13.5,E,    17.5, ,    18.1, ,    15.6, ,     9.1, ,     6.3,E,     2.7,E,     9.8,E,     5.0, ,     9.2, ,    16.4,E,    10.3,E
 1991,     3.8,E,     7.7, ,     4.8,E,     8.2, ,    11.4, ,    13.3,E,    15.8, ,    16.6, ,    15.0, ,     9.7, ,     8.5,E, -9999.9,M, -9999.9,M,     4.7,E,     8.1,E,    15.2,E,    11.1,E
 1992,     6.6,E,     6.9, ,     8.7, ,     9.2, ,    12.0,E,    14.6, ,    17.1,E,    16.9, ,    13.3, ,    10.7, ,     7.8, ,     2.7,E,    10.5,E, -9999.9,M,    10.0,E,    16.2,E,    10.6, 
 1993,     2.5, ,     5.5, ,     7.0, ,     8.4,E,    13.0,E,    13.9, , -9999.9,M,    17.1,E,    14.6, ,    11.9, ,     6.6, ,     6.2,E, -9999.9,M,     3.6,E,     9.5,E, -9999.9,M,    11.0, 
 1994,     7.4,E,     3.7,E,     7.1, ,     9.6, , -9999.9,M,    14.0,E,    16.1, ,    17.0, ,    15.2, ,     9.8, ,     4.5, ,     4.1,E, -9999.9,M,     5.8,E, -9999.9,M,    15.7,E,     9.8, 
 1995,     4.8, ,     5.7, ,     6.2, ,     8.5,E,    13.1, ,    14.4, ,    16.2,E,    15.0, ,    16.3, ,     9.5,E,     7.3, ,     5.3, ,    10.2,E,     4.9,E,     9.3,E,    15.2,E,    11.0,E
 1996,     3.4, ,     5.1, ,     6.6,E,     8.6, ,     9.7, ,    13.0, ,    16.3, ,    15.9, ,    12.7, ,     9.7, ,     5.4, ,     2.0, ,     9.0,E,     4.6, ,     8.3,E,    15.1, ,     9.3, 
 1997,     4.6, ,     5.9, ,     5.5, ,     8.2, ,    13.0, ,    13.5, ,    15.9, ,    18.1, ,    14.6, ,     9.8, ,     7.4, ,     6.6, ,    10.3, ,     4.2, ,     8.9, ,    15.8, ,    10.6, 
 1998,     4.0, ,     6.1, ,     6.9, ,     8.4, ,    12.3, ,    15.1, ,    17.6, ,    16.6, ,    14.6, ,    10.8, ,     6.7, ,     3.9, ,    10.3, ,     5.6, ,     9.2, ,    16.4, ,    10.7, 
 1999,     4.7, ,     3.8, ,     4.6, ,     7.4, ,     9.0, ,    12.6, ,    15.5, ,    16.5, ,    13.7, ,     9.5, ,     6.8, ,     5.0, ,     9.1, ,     4.1, ,     7.0, ,    14.9, ,    10.0, 
 2000,     2.8, ,     4.6, ,     6.2, ,     8.1, ,    10.0, ,    13.7, ,    16.0, ,    15.2, ,    13.7, ,    10.2, ,     6.7, ,     4.0, ,     9.3, ,     4.1, ,     8.1, ,    15.0, ,    10.2, 
 2001,     5.5, ,     4.0, ,     5.7, ,     7.3, ,     9.1, ,    12.4, ,    15.7, ,    15.7, ,    13.8, ,     9.5, ,     7.2, ,     4.4, ,     9.2, ,     4.5, ,     7.4, ,    14.6, ,    10.2, 
 2002,     5.2, ,     4.8, ,     4.1, ,     8.3, ,    10.0, ,    13.8, ,    15.9, ,    16.5, ,    14.2, ,    10.3, ,     9.2, ,     6.3, ,     9.9, ,     4.8, ,     7.5, ,    15.4, ,    11.2, 
 2003,     7.7, ,     5.4, ,     6.3, ,     7.6, ,    10.5, ,    14.6, ,    15.9, ,    16.1, ,    14.2, ,    11.0, ,     4.5, ,     5.4, ,     9.9, ,     6.5, ,     8.1, ,    15.5, ,     9.9, 
 2004,     5.5, ,     6.1, ,     7.2, ,    10.4, ,    12.7, ,    15.7, ,    17.5, , -9999.9,M,    14.0, ,    10.7, ,     8.0, , -9999.9,M, -9999.9,M,     5.7, ,    10.1, , -9999.9,M,    10.9, 
 2005,     5.1, ,     5.4, ,     7.7, ,     9.0, ,    12.9, ,    14.1, ,    15.3, ,    16.8, ,    13.6, ,    10.7, ,     5.8, ,     5.1, ,    10.1, , -9999.9,M,     9.9, ,    15.4, ,    10.0, 
 2006,     5.8, ,     3.8, ,     5.0, ,     8.1, ,    11.5, ,    14.7, ,    16.4, ,    15.8, ,    14.9, ,     9.9, ,     5.3, ,     6.0, ,     9.8, ,     4.9, ,     8.2, ,    15.6, ,    10.0, 
 2007,     4.3, ,     6.0, ,     6.3, ,     8.0, ,    10.8, ,    13.0, ,    17.2, ,    16.4, ,    13.6, ,    10.2, ,     6.5, ,     4.1, ,     9.7, ,     5.4, ,     8.4, ,    15.5, ,    10.1, 
 2008,     3.5, ,     5.7, ,     5.2, ,     6.9, ,    11.6, ,    12.6, ,    15.0, ,    16.0, ,    14.3, ,     9.4, ,     8.9, ,     2.3, ,     9.3, ,     4.4, ,     7.9, ,    14.5, ,    10.9, 
 2009,     3.4, ,     4.8, ,     4.4, ,     7.7, ,    10.5, ,    15.3, ,    17.7, ,    16.8, ,    14.7, ,    10.3, ,     6.4, ,     2.8, ,     9.6, ,     3.5, ,     7.5, ,    16.6, ,    10.5, 
 2010,     7.6, ,     7.5, ,     6.4, ,     7.8, ,    10.6, ,    13.0, ,    16.4, ,    16.9, ,    14.3, ,    11.5, ,     6.0, ,     4.6, ,    10.2, ,     6.0, ,     8.3, ,    15.4, ,    10.6, 
 2011,     5.2, ,     3.8, ,     5.9, ,     5.1, ,    10.2, ,    13.7, ,    14.9, ,    16.3, ,    15.2, ,     9.8, ,     5.7, ,     5.2, ,     9.3, ,     4.5, ,     7.1, ,    15.0, ,    10.2, 
 2012,     3.7, ,     5.0, ,     4.5, ,     8.4, ,    10.6, ,    12.5, ,    16.0, ,    16.9, ,    14.5, ,    10.0, ,     7.2, ,     4.0, ,     9.4, ,     4.6, ,     7.8, ,    15.1, ,    10.6, 
 2013,     4.6, ,     6.1, ,     6.7, ,     8.8, ,    12.2, ,    14.4, ,    17.0, ,    17.9, ,    15.3, ,    10.6, ,     7.6, ,     5.1, ,    10.5, ,     4.9, ,     9.2, ,    16.4, ,    11.2, 
 2014,     5.9, ,     3.3, ,     7.0, ,     9.1, ,    13.3, ,    14.3, ,    17.0, ,    18.3, ,    16.0, ,    13.1, ,     6.8, ,     6.0, ,    10.8, ,     4.8, ,     9.8, ,    16.5, ,    12.0, 
 2015,     8.5, ,     8.6, ,     9.3, ,     8.3, ,    13.3, ,    16.1, ,    18.1, ,    17.4, , -9999.9,M, -9999.9,M, -9999.9,M, -9999.9,M, -9999.9,M,     7.7, ,    10.3, ,    17.2, , -9999.9,M
 2016, -9999.9,M, -9999.9,M, -9999.9,M, -9999.9,M, -9999.9,M, -9999.9,M, -9999.9,M, -9999.9,M, -9999.9,M, -9999.9,M, -9999.9,M, -9999.9,M, -9999.9,M, -9999.9,M, -9999.9,M, -9999.9,M, -9999.9,M
