1064320,KITIMAT_TOWNSITE    ,BC  , station not joined, Monthly mean of homogenized daily mean temperature                     , Deg Celcius,          Updated to December 2019
1064320,KITIMAT_TOWNSITE    ,BC  , station non jointe, Moyenne mensuelle des temperatures quotidiennes moyennes homogeneisees , Deg Celsius, Mise a jour jusqu a decembre 2019
 Year,     Jan, ,     Feb, ,     Mar, ,     Apr, ,     May, ,     Jun, ,     Jul, ,     Aug, ,     Sep, ,     Oct, ,     Nov, ,     Dec, ,  Annual, ,  Winter, ,  Spring, ,  Summer, ,  Autumn
Annee,    Janv, ,     Fev, ,    Mars, ,     Avr, ,     Mai, ,    Juin, ,    Juil, ,    Aout, ,    Sept, ,     Oct, ,     Nov, ,     Dec, ,  Annuel, ,   Hiver, ,Printemp, ,     Ete, , Automne
 1954, -9999.9,M,    -0.5, ,     2.0, ,     2.8, , -9999.9,M,    11.7, ,    13.5, ,    16.4, , -9999.9,M, -9999.9,M,     5.2, , -9999.9,M, -9999.9,M, -9999.9,M, -9999.9,M,    13.9, , -9999.9,M
 1955,    -0.2, ,    -1.0, ,    -0.7, ,     4.4, ,     7.9, ,    13.3, ,    15.4, ,    14.3, ,    12.5, ,     5.6, ,    -4.7, ,    -8.1, ,     4.9, , -9999.9,M,     3.9, ,    14.3, ,     4.5, 
 1956,    -7.5, ,    -3.9, ,     1.6, ,     6.7, ,    11.8, ,    12.5, ,    17.6, ,    17.0, ,    12.6, ,     5.6, ,     2.8, , -9999.9,M, -9999.9,M,    -6.5, ,     6.7, ,    15.7, ,     7.0, 
 1957,    -8.2, ,    -3.0, ,     3.3, , -9999.9,M, -9999.9,M, -9999.9,M,    14.8, ,    17.1, ,    15.6, ,     6.9, ,     4.0, ,     0.4, , -9999.9,M, -9999.9,M, -9999.9,M, -9999.9,M,     8.8, 
 1958,     1.0, ,    -0.3, ,     3.5, ,     8.3, ,    13.1, ,    19.6, ,    21.1, ,    15.7, ,    11.3, ,     6.8, ,     0.2, ,    -1.2, ,     8.3, ,     0.4, ,     8.3, ,    18.8, ,     6.1, 
 1959,    -4.6, ,    -2.3, ,     2.9, ,     6.2, ,    10.1, ,    13.3, ,    16.6, ,    14.3, ,    11.6, ,     8.0, ,     0.1, ,     1.8, ,     6.5, ,    -2.7, ,     6.4, ,    14.7, ,     6.6, 
 1960,    -3.1, ,     1.6, ,     1.8, ,     6.6, ,    10.2, ,    12.4, ,    17.1, ,    15.0, ,    12.6, ,     8.5, ,     1.9, ,    -0.1, ,     7.0, ,     0.1, ,     6.2, ,    14.8, ,     7.7, 
 1961,    -0.1, ,     0.7, ,     3.4, ,     6.9, ,    12.1, ,    14.4, ,    20.3, ,    18.7, ,    12.1, ,     6.4, ,     0.7, ,    -2.0, ,     7.8, ,     0.2, ,     7.5, ,    17.8, ,     6.4, 
 1962,    -1.7, ,    -0.8, ,     0.8, ,     5.9, ,     9.9, ,    12.5, ,    16.4, ,    15.0, ,    12.9, ,     7.8, ,     3.8, ,     0.3, ,     6.9, ,    -1.5, ,     5.5, ,    14.6, ,     8.2, 
 1963,    -1.6, ,     3.0, ,     3.8, ,     7.6, ,    11.6, ,    12.8, ,    15.9, ,    19.2, ,    14.5, ,     7.3, ,     0.1, ,    -0.6, ,     7.8, ,     0.6, ,     7.7, ,    16.0, ,     7.3, 
 1964,    -1.0, ,     2.0, ,     1.6, ,     4.5, ,     9.0, ,    13.5, ,    13.4, ,    14.1, ,    11.8, ,     6.5, ,     0.0, ,    -8.5, ,     5.6, ,     0.1, ,     5.0, ,    13.7, ,     6.1, 
 1965,    -4.7, ,     0.2, ,     2.8, ,     6.1, ,     9.3, ,    12.9, ,    16.1, ,    18.5, ,    13.8, ,     6.4, ,     0.4, ,    -3.3, ,     6.5, ,    -4.3, ,     6.1, ,    15.8, ,     6.9, 
 1966,    -8.1, ,     0.3, ,     1.4, ,     4.7, ,     7.4, ,    12.6, ,    16.6, ,    15.2, ,    12.4, ,     5.9, ,     0.9, ,    -0.8, ,     5.7, ,    -3.7, ,     4.5, ,    14.8, ,     6.4, 
 1967,    -1.9, ,     1.8, ,     0.6, ,     6.9, ,     9.3, ,    17.3, ,    14.7, ,    17.5, ,    12.9, ,     7.0, ,     2.5, ,    -1.3, ,     7.3, ,    -0.3, ,     5.6, ,    16.5, ,     7.5, 
 1968,    -3.7, ,    -0.1, ,     3.7, ,     4.3, ,    11.9, ,    13.3, ,    17.1, ,    15.8, ,    11.2, ,     6.3, ,     2.9, ,    -5.7, ,     6.4, ,    -1.7, ,     6.6, ,    15.4, ,     6.8, 
 1969,   -12.8, ,    -1.2, ,     2.8, ,     5.6, ,    12.3, ,    18.4, ,    15.6, ,    12.9, ,    12.5, ,     8.3, ,     5.2, ,     2.3, ,     6.8, ,    -6.6, ,     6.9, ,    15.6, ,     8.7, 
 1970,    -4.6, ,     3.3, ,     4.2, ,     6.0, ,     8.9, ,    13.9, ,    13.8, ,    14.5, ,    10.7, ,     6.9, ,     0.0, ,    -4.7, ,     6.1, ,     0.3, ,     6.4, ,    14.1, ,     5.9, 
 1971,    -4.8, ,    -1.0, , -9999.9,M,     4.6, ,     9.2, ,    12.6, ,    18.5, ,    15.5, ,    11.6,E,     6.5,E,     2.2, ,    -6.4, , -9999.9,M,    -3.5, , -9999.9,M,    15.5, ,     6.8,E
 1972, -9999.9,M,    -4.0, ,     0.8, ,     3.1, ,     9.8, ,    11.7, ,    16.0, ,    16.2, ,    11.1, ,     6.4, ,     3.4, ,    -3.5, , -9999.9,M, -9999.9,M,     4.6, ,    14.6, ,     7.0, 
 1973,    -3.7, ,    -1.4, ,     2.7, ,     6.2, ,     8.8, ,    11.3, ,    14.5, ,    14.5, ,    11.7, ,     5.2, ,    -3.9, ,    -0.7, ,     5.4, ,    -2.9, ,     5.9, ,    13.4, ,     4.3, 
 1974,    -7.2, ,    -0.2, ,     1.7, ,     6.1, ,     8.5, ,    11.1, ,    14.0, ,    16.9, ,    14.4, ,     8.0, , -9999.9,M, -9999.9,M, -9999.9,M,    -2.7, ,     5.4, ,    14.0, , -9999.9,M
 1975, -9999.9,M,    -4.5,E,    -0.1, ,     4.6, ,     8.1, ,    11.9, ,    16.0, ,    13.6, ,    13.2, ,     7.1, ,    -0.2, ,    -0.3, , -9999.9,M, -9999.9,M,     4.2, ,    13.8, ,     6.7, 
 1976,    -2.3, ,    -1.4,E,     0.3,E,     5.4,E, -9999.9,M,    11.6, ,    13.5, ,    14.7, ,    12.2, ,     6.9, ,     3.1, ,     1.1, , -9999.9,M,    -1.3,E, -9999.9,M,    13.3, ,     7.4, 
 1977,    -2.4, ,     2.9, ,     3.1, ,     7.3, ,    10.7, ,    13.2, ,    14.1,E,    19.5, ,    12.0, ,     6.7, ,    -0.4,E,    -7.3, ,     6.6,E,     0.5, ,     7.0, ,    15.6,E,     6.1,E
 1978,    -7.2,E,    -3.9, ,     0.8, ,     5.2, ,     7.8,E,    14.2,E,    15.8, ,    14.1, ,    10.9, ,     8.4, ,    -0.4,E,    -1.8, ,     5.3,E,    -6.1,E,     4.6,E,    14.7,E,     6.3,E
 1979,    -6.3, ,    -5.3,E,     3.5,E,     6.8, ,     9.2, ,    12.6, ,    16.6,E,    16.9, ,    11.6, ,     8.0,E,     1.8,E,     1.1, ,     6.4,E,    -4.5,E,     6.5,E,    15.4,E,     7.1,E
 1980,    -5.4, ,     1.0, ,     2.6, ,     6.8, ,    11.5, ,    16.0, ,    14.8, ,    15.5,E,    11.9, ,     8.8,E, -9999.9,M, -9999.9,M, -9999.9,M,    -1.1, ,     7.0, ,    15.4,E, -9999.9,M
 1981, -9999.9,M, -9999.9,M, -9999.9,M,     4.9, ,    11.7, ,    12.1, ,    17.5, ,    18.2, ,    12.6, ,     7.2, ,     3.5, ,    -0.8, , -9999.9,M, -9999.9,M, -9999.9,M,    15.9, ,     7.8, 
 1982,    -6.6, ,    -2.6, ,     1.7, ,     4.5, ,     9.4,E,    16.8, ,    16.5, ,    15.8,E,    13.7, ,     6.8, ,    -0.5,E,    -1.4, ,     6.2,E,    -3.3, ,     5.2,E,    16.4,E,     6.7,E
 1983, -9999.9,M,     2.7, ,     3.9, , -9999.9,M, -9999.9,M, -9999.9,M,    15.6, ,    15.6, ,    10.9, ,     6.3, ,     2.5,E,    -6.3, , -9999.9,M, -9999.9,M, -9999.9,M, -9999.9,M,     6.6,E
 1984,     0.7, ,     2.2, ,     5.0, ,     6.4, ,     8.8, ,    12.9, ,    14.8, ,    14.3, ,    10.7, ,     5.3, ,    -0.1, ,    -3.9, ,     6.4, ,    -1.1, ,     6.7, ,    14.0, ,     5.3, 
 1985, -9999.9,M,    -1.8, ,     1.5, ,     5.1, ,     9.6, ,    12.7, ,    17.8, ,    15.2, ,    12.0, ,     5.5, ,    -5.9, ,    -1.1, , -9999.9,M, -9999.9,M,     5.4, ,    15.2, ,     3.9, 
 1986,     0.6, ,    -3.2, ,     4.8, ,     5.7, ,     9.6, ,    14.1, ,    15.5, ,    17.4, ,    12.8, ,     9.6, ,     1.8, ,    -0.1, ,     7.4, ,    -1.2, ,     6.7, ,    15.7, ,     8.1, 
 1987,     0.5, ,     2.4, ,     3.8, ,     6.0, ,    10.0, ,    13.4,E,    17.6, ,    17.0, ,    12.9, ,     8.0, ,     4.0, ,     0.4, ,     8.0,E,     0.9, ,     6.6, ,    16.0,E,     8.3, 
 1988,    -3.1, ,    -0.3, ,     3.6, ,     6.8, ,    10.3, ,    12.1, ,    14.4, ,    15.6, ,    12.2, ,     9.0, ,     2.7, ,    -1.5, ,     6.8, ,    -1.0, ,     6.9, ,    14.0, ,     8.0, 
 1989,    -1.7, ,    -3.9, ,     1.7, ,     8.2, ,    11.6, ,    15.5, ,    17.3, ,    17.1, ,    13.8, ,     7.5, ,     3.8, ,     2.6, ,     7.8, ,    -2.4, ,     7.2, ,    16.6, ,     8.4, 
 1990,    -0.7, ,    -2.2, ,     3.8, ,     8.2, ,    11.9, ,    14.7,E,    18.9, ,    18.3, ,    14.5, ,     6.1,E,     1.1, ,    -3.5, ,     7.6,E,    -0.1, ,     8.0, ,    17.3,E,     7.2,E
 1991,    -5.3, ,     2.5, ,     1.8, ,     7.2, ,    11.9, ,    14.4, ,    15.4, ,    16.1, ,    13.0, ,     6.7, ,     3.0, ,     2.4,E,     7.4,E,    -2.1, ,     7.0, ,    15.3, ,     7.6, 
 1992,     2.0, ,     1.5, ,     6.8, ,     8.0, ,    10.6, ,    15.6, ,    18.3, ,    17.4, ,    10.4, ,     6.4, ,     3.4, ,    -3.2, ,     8.1, ,     2.0,E,     8.5, ,    17.1, ,     6.7, 
 1993,    -6.2, ,     1.5,E,     3.7, ,     8.3, ,    14.0, ,    14.4, ,    16.6, ,    17.2, ,    14.2, ,     9.0, ,     3.4, ,     2.0, ,     8.2,E,    -2.6,E,     8.7, ,    16.1, ,     8.9, 
 1994,     1.8, ,    -4.5,E,     4.4, ,     8.4, ,    11.2, ,    14.0, ,    17.2, ,    18.3, ,    12.6, ,     7.0, ,     1.2, ,    -2.0, ,     7.5,E,    -0.2,E,     8.0, ,    16.5, ,     6.9, 
 1995,    -2.5, ,     0.4, ,     2.1, ,     8.1, ,    13.1, ,    15.6, ,    16.8, ,    14.7, ,    15.4, ,     7.0, ,     1.6, ,    -2.5, ,     7.5, ,    -1.4, ,     7.8, ,    15.7, ,     8.0, 
 1996,    -6.9, ,     0.7, ,     3.0, ,     6.7,E,    10.5, ,    13.3, ,    16.2, ,    15.3, ,    11.1, ,     6.3, ,    -1.4, ,    -5.4, ,     5.8,E,    -2.9, ,     6.7,E,    14.9, ,     5.3, 
 1997,    -2.8, ,     2.4, ,     1.6, ,     7.4, ,    12.2, ,    13.9, ,    15.7, ,    18.0, ,    13.4, ,     7.3, ,     2.8, ,     2.0, ,     7.8, ,    -1.9, ,     7.1, ,    15.9, ,     7.8, 
 1998,    -3.6, ,     3.8,E,     4.5, ,     6.8, ,    13.5, ,    17.1, ,    18.7, ,    15.4, ,    12.4, ,     7.7, ,     2.7, , -9999.9,M, -9999.9,M,     0.7,E,     8.3, ,    17.1, ,     7.6, 
 1999,    -1.0, ,     0.7, ,     3.3, ,     5.7, ,     7.5, ,    12.1,E,    15.9, ,    15.5,E,    11.7, ,     6.8, ,     3.1, ,     2.0, ,     6.9,E, -9999.9,M,     5.5, ,    14.5,E,     7.2, 
 2000,    -3.8, ,     0.5, ,     3.8,E,     6.1, ,     9.7, ,    14.1, ,    16.0, ,    16.1, ,    11.9, ,     7.3, ,     3.6, ,    -1.7, ,     7.0,E,    -0.4, ,     6.5,E,    15.4, ,     7.6, 
 2001,     1.1, ,    -0.6, ,     2.8, ,     6.5, ,     7.9, ,    13.2, ,    15.5, ,    15.5, ,    11.5, ,     6.2, ,     1.3,E,    -1.2, ,     6.6,E,    -0.4, ,     5.7, ,    14.7, ,     6.3,E
 2002,     0.1, ,     0.5, ,    -0.4, ,     6.1, ,     9.8, ,    14.6, ,    16.3, ,    16.7, ,    12.2, ,     7.8, ,     4.3, ,     1.1, ,     7.4, ,    -0.2, ,     5.2, ,    15.9, ,     8.1, 
 2003,     0.5, ,     0.6, ,     1.5, ,     7.6, ,    10.5, ,    14.9, ,    17.4, ,    16.7, ,    13.1, ,     8.8, ,     0.5, ,    -0.3, ,     7.7, ,     0.7, ,     6.5, ,    16.3, ,     7.5, 
 2004,    -4.1, ,     1.4, ,     4.8, ,     9.3, ,    13.4, ,    17.5, ,    18.4,E,    19.0, ,    11.8, ,     7.2, ,     2.6, ,     0.9, ,     8.5,E,    -1.0, ,     9.2, ,    18.3,E,     7.2, 
 2005,    -3.7, ,     1.4, ,     4.4,E,     9.3, ,    13.6, ,    16.4, ,    15.6,E,    17.4, ,    12.0, ,     7.1, ,     3.3, ,     1.1, ,     8.2,E,    -0.5, ,     9.1,E,    16.5,E,     7.5, 
 2006,     2.0, ,     0.8, ,     2.7, ,     6.7, ,    11.5, ,    16.6, ,    17.5, ,    15.8, ,    13.9, ,     7.5, ,    -1.7, ,     0.5, ,     7.8, ,     1.3, ,     7.0, ,    16.6, ,     6.6, 
 2007,    -1.1, ,     1.2, ,     0.2, ,     4.9, ,    10.4, ,    13.9, ,    16.6, ,    16.4, ,    12.8, ,     6.7, ,     1.9, ,    -3.1, ,     6.7, ,     0.2, ,     5.2, ,    15.6, ,     7.1, 
 2008,    -2.6, ,    -0.8, ,     3.0, ,     5.0, ,    11.2, ,    12.9, ,    14.4, ,    16.1, ,    12.9, ,     6.5, ,     3.5, ,    -4.5, ,     6.5, ,    -2.2, ,     6.4, ,    14.5, ,     7.6, 
 2009,    -1.8, ,    -1.2, ,     0.8, ,     6.1, ,    10.4, ,    15.9, ,    20.3, ,    16.8, ,    12.2, ,     6.6, ,     2.0, ,    -5.9, ,     6.9, ,    -2.5, ,     5.8, ,    17.7, ,     6.9, 
 2010,    -0.5, ,     3.2, ,     4.4, ,     7.5, ,    11.7, ,    14.3, ,    17.4, ,    16.7, ,    11.0, ,     5.7, ,    -1.2, ,    -2.8, ,     7.3, ,    -1.1, ,     7.9, ,    16.1, ,     5.2, 
 2011,    -3.5, ,    -3.4, ,     0.8, ,     6.0, ,    11.7, ,    14.8, ,    15.3, ,    15.2, ,    12.7, ,     7.7, ,     1.5, ,     0.8, ,     6.6, ,    -3.2, ,     6.2, ,    15.1, ,     7.3, 
 2012,    -2.9, ,     1.6, ,     2.4, ,     6.9, ,     9.7, ,    12.4, ,    16.8, ,    17.4, ,    13.2, ,     6.4, ,     1.9, ,    -2.0, ,     7.0, ,    -0.2, ,     6.3, ,    15.5, ,     7.2, 
 2013,    -0.1, ,     2.5, ,     4.1, ,     7.5, ,    12.6, ,    15.9, ,    18.5, ,    17.9, ,    15.2, ,     8.1, ,     2.1, ,    -0.5, ,     8.7, ,     0.1, ,     8.1, ,    17.4, ,     8.5, 
 2014,     2.0, ,    -2.4, ,     1.2, ,     6.0, ,    12.1, ,    14.8, ,    18.4, ,    18.6, ,    14.0, ,     8.2, ,     1.4, ,     0.1, ,     7.9, ,    -0.3, ,     6.4, ,    17.3, ,     7.9, 
 2015,     0.9, ,     1.1, ,     4.8, ,     6.0, ,    14.2, ,    16.1, ,    17.8, ,    15.5, ,    10.5, ,     8.2, ,     1.4, ,    -1.4, ,     7.9, ,     0.7, ,     8.3, ,    16.5, ,     6.7, 
 2016,    -1.3, ,     3.4, ,     6.1, ,     9.6, ,    13.7, ,    16.1, ,    17.8, ,    18.1, ,    13.1, ,     6.5, ,     3.3, ,    -3.9, ,     8.5, ,     0.2, ,     9.8, ,    17.3, ,     7.6, 
 2017,    -2.7, ,    -1.6, ,    -0.1, ,     7.7, ,    11.5, ,    13.4, ,    15.6, ,    16.9, ,    13.5, ,     6.3, ,     0.0, , -9999.9,M, -9999.9,M,    -2.7, ,     6.4, ,    15.3, ,     6.6, 
 2018,    -1.9, ,    -3.3, ,     2.6, ,     6.2, ,    13.0, ,    14.3, ,    20.0, ,    19.4, ,    12.1, ,     7.6, ,     4.5, ,     0.1, ,     7.9, , -9999.9,M,     7.3, ,    17.9, ,     8.1, 
 2019,     1.0, , -9999.9,M,     3.6, ,     7.3, ,    14.9, ,    15.5, ,    18.4, ,    17.9, ,    13.5, ,     6.5, ,     5.5, ,     0.5, , -9999.9,M, -9999.9,M,     8.6, ,    17.3, ,     8.5, 
