1180585,BALDONNEL           ,BC  , station not joined, Monthly mean of homogenized daily mean temperature                     , Deg Celcius,          Updated to December 2019
1180585,BALDONNEL           ,BC  , station non jointe, Moyenne mensuelle des temperatures quotidiennes moyennes homogeneisees , Deg Celsius, Mise a jour jusqu a decembre 2019
 Year,     Jan, ,     Feb, ,     Mar, ,     Apr, ,     May, ,     Jun, ,     Jul, ,     Aug, ,     Sep, ,     Oct, ,     Nov, ,     Dec, ,  Annual, ,  Winter, ,  Spring, ,  Summer, ,  Autumn
Annee,    Janv, ,     Fev, ,    Mars, ,     Avr, ,     Mai, ,    Juin, ,    Juil, ,    Aout, ,    Sept, ,     Oct, ,     Nov, ,     Dec, ,  Annuel, ,   Hiver, ,Printemp, ,     Ete, , Automne
 1927,   -18.3, ,   -10.9, ,    -2.3, ,     0.6, ,     8.6, ,    14.2, ,    16.6, ,    17.5, ,    10.0, ,     3.7, ,   -13.4, ,   -19.8, ,     0.5, , -9999.9,M,     2.3, ,    16.1, ,     0.1, 
 1928,    -7.0, ,    -2.7, ,    -2.5, ,     0.8, ,    12.0, ,    15.9, ,    17.4, ,    13.9, ,    11.5, ,     2.7, ,     0.3, ,    -6.2, ,     4.7, ,    -9.8, ,     3.4, ,    15.7, ,     4.8, 
 1929,   -16.4, ,   -10.9, ,    -3.4, ,     2.2, ,     9.8, ,    13.7, ,    15.6, ,    15.0, ,    11.7, ,     8.5, ,    -0.1, ,   -14.9, ,     2.6, ,   -11.2, ,     2.9, ,    14.8, ,     6.7, 
 1930,   -17.1, ,    -9.4, ,    -3.1, ,     5.1, ,     8.4, ,    12.1, ,    16.6, ,    16.3, ,     9.2, ,     2.9, ,    -3.1, ,     0.3, ,     3.2, ,   -13.8, ,     3.5, ,    15.0, ,     3.0, 
 1931,    -5.5, ,    -0.3, ,    -7.7, ,     6.3, ,     9.8, ,    13.3, ,    16.7, ,    15.6, ,    10.4, ,     5.4, ,    -5.4, ,    -8.5, ,     4.2, ,    -1.8, ,     2.8, ,    15.2, ,     3.5, 
 1932,   -14.4, ,   -14.6, ,    -8.9, ,     4.5, ,    10.6, ,    14.2, ,    15.4, ,    17.0, ,    10.9, ,     2.8, ,   -10.5, ,   -14.3, ,     1.1, ,   -12.5, ,     2.1, ,    15.5, ,     1.1, 
 1933,   -18.6, ,   -15.4, ,    -6.9, ,     2.8, ,    10.4, ,    11.7, ,    15.4, ,    18.2, ,     8.3, ,     0.5, ,    -2.1, ,   -28.6, ,    -0.4, ,   -16.1, ,     2.1, ,    15.1, ,     2.2, 
 1934,   -10.4, ,    -3.1, ,    -3.4, ,     8.0, ,    12.1, ,    14.1, ,    15.2, ,    15.1, ,     6.3, ,     4.5, ,    -6.2, ,   -13.6, ,     3.2, ,   -14.0, ,     5.6, ,    14.8, ,     1.5, 
 1935,   -19.1, ,    -1.9, ,    -9.7, ,     0.7, ,    10.6, ,    13.9, ,    18.3, ,    15.8, ,    12.1, ,     1.0, ,    -8.1, ,    -9.5, ,     2.0, ,   -11.5, ,     0.5, ,    16.0, ,     1.7, 
 1936,   -21.0, ,   -27.4, ,    -4.3, ,     1.2, ,    12.6, ,    12.5, ,    14.7, ,    14.5, ,     7.2, ,     5.4, ,     0.9, ,   -16.0, ,     0.0, ,   -19.3, ,     3.2, ,    13.9, ,     4.5, 
 1937,   -19.1, ,   -14.2, ,    -3.7, ,     4.6, ,    10.3, ,    14.4, ,    15.5, ,    12.5, ,    10.4, ,     5.0, ,   -10.1, ,   -17.5, ,     0.7, ,   -16.4, ,     3.7, ,    14.1, ,     1.8, 
 1938,   -12.4, ,   -17.0, ,    -3.1, ,     4.4, ,    10.3, ,    13.5, ,    16.3, ,    13.7, ,    14.4, ,     6.0, ,    -6.8, ,   -10.7, ,     2.4, ,   -15.6, ,     3.9, ,    14.5, ,     4.5, 
 1939,   -10.1, ,   -16.8, ,    -8.4, ,     3.6, ,     9.4, ,    12.6, ,    15.3, ,    14.3, ,     9.1, ,     0.5, ,    -1.1, ,    -5.5, ,     1.9, ,   -12.5, ,     1.5, ,    14.1, ,     2.8, 
 1940,   -15.7, ,   -10.1, ,    -2.3, ,     3.7, ,     9.8, ,    13.6, ,    16.3, ,    16.0, ,    13.8, ,     5.2, ,   -11.8, ,   -12.1, ,     2.2, ,   -10.4, ,     3.7, ,    15.3, ,     2.4, 
 1941,   -18.3, ,    -9.3, ,    -1.6, ,     8.5, ,     8.6, ,    16.3, ,    17.6, ,    14.3, ,     5.5, ,     6.0, ,    -5.7, ,   -12.1, ,     2.5, ,   -13.2, ,     5.2, ,    16.1, ,     1.9, 
 1942,    -5.5, , -9999.9,M, -9999.9,M, -9999.9,M, -9999.9,M,    13.6, ,    16.0, ,    15.1, ,    10.4, ,     6.3, ,    -9.9, ,   -20.1, , -9999.9,M, -9999.9,M, -9999.9,M,    14.9, ,     2.3, 
 1943,   -17.5, ,    -6.3, ,    -9.2, ,     5.8, ,     7.8, ,    11.9, ,    15.1, ,    14.1, ,    11.0, ,     5.8, ,     0.4, ,    -4.5, ,     2.9, ,   -14.6, ,     1.5, ,    13.7, ,     5.7, 
 1944,    -7.1, ,    -9.9, ,    -4.8, ,     6.8, ,    11.1, ,    13.3, ,    15.9, ,    14.7, ,    11.7, ,     7.1, ,    -5.3, ,    -8.3, ,     3.8, ,    -7.2, ,     4.4, ,    14.6, ,     4.5, 
 1945,   -10.9, ,   -10.6, ,    -1.9, ,    -1.0, ,    10.0, ,    13.0, ,    15.3, ,    15.8, ,     9.5, ,     4.8, ,   -15.0, ,   -16.3, ,     1.1, ,    -9.9, ,     2.4, ,    14.7, ,    -0.2, 
 1946,   -12.2, ,   -15.2, ,    -1.9, ,     3.5, ,    11.1, ,    13.0, ,    14.7, ,    14.6, ,    10.3, ,     2.7, ,    -9.1, ,   -19.4, ,     1.0, ,   -14.6, ,     4.2, ,    14.1, ,     1.3, 
 1947,   -16.1, ,   -16.8, ,    -4.3, ,     4.0, ,    10.0, ,    12.7, ,    15.0, ,    11.9, ,    10.0, ,     5.1, ,    -5.6, ,    -8.4, ,     1.5, ,   -17.4, ,     3.2, ,    13.2, ,     3.2, 
 1948,    -7.2, ,   -17.6, ,    -9.0, ,    -4.1, ,    11.9, ,    16.0, ,    15.9, ,    14.7, ,    10.1, ,     5.1, ,    -6.6, ,   -18.4, ,     0.9, ,   -11.1, ,    -0.4, ,    15.5, ,     2.9, 
 1949,   -14.7, ,   -19.2, ,    -3.1, ,     6.1, ,     8.9, ,    12.5, ,    14.9, ,    15.0, ,    11.4, ,     2.7, ,     3.1, ,   -18.3, ,     1.6, ,   -17.4, ,     4.0, ,    14.1, ,     5.7, 
 1950,   -28.7, ,   -14.8, ,    -6.1, ,    -0.7, ,     9.5, ,    16.1, ,    16.3, ,    12.4, ,    13.3, ,     0.4, ,   -15.1, ,   -14.1, ,    -1.0, ,   -20.6, ,     0.9, ,    14.9, ,    -0.5, 
 1951,   -19.7, ,   -13.7, ,   -12.1, ,     2.4, ,     9.1, ,    11.5, ,    14.8, ,    13.1, ,     9.3, ,    -0.7, ,    -7.3, ,   -17.7, ,    -0.9, ,   -15.8, ,    -0.2, ,    13.1, ,     0.4, 
 1952,   -22.5, ,    -9.4, ,    -6.7, ,     3.9, ,    11.2, ,    12.2, ,    15.9, ,    13.6, ,    10.7, ,     7.2, ,    -1.2, ,    -9.7, ,     2.1, ,   -16.5, ,     2.8, ,    13.9, ,     5.6, 
 1953,   -22.4, ,    -4.4, ,    -6.1, ,     0.1, ,    10.9, ,    12.8, ,    14.0, ,    14.3, ,     9.3, ,     5.0, ,    -2.8, ,    -7.8, ,     1.9, ,   -12.2, ,     1.6, ,    13.7, ,     3.8, 
 1954,   -25.9, ,    -8.8, ,    -6.0, ,    -4.6, ,     9.7, ,    13.4, ,    14.7, ,    14.2, ,     9.1, ,     5.0, ,    -0.8, ,    -7.0, ,     1.1, ,   -14.2, ,    -0.3, ,    14.1, ,     4.4, 
 1955,   -10.1, ,   -12.1, ,   -10.9, , -9999.9,M, -9999.9,M,    14.3, ,    15.2, ,    14.1, ,     8.8, ,     2.9, ,   -17.0, ,   -20.6, , -9999.9,M,    -9.7, , -9999.9,M,    14.5, ,    -1.8, 
 1956,   -21.8, ,   -15.0, ,    -8.3, ,     1.0, ,    10.7, ,    12.0, ,    14.7, ,    14.6, ,     7.5, ,    -0.1, ,    -0.4, ,   -12.9, ,     0.2, ,   -19.1, ,     1.1, ,    13.8, ,     2.3, 
 1957,   -19.0, ,   -16.3, ,    -5.8, ,     3.1, ,     9.8, ,    12.4, ,    13.4, ,    12.8, ,    11.2, ,     0.2, ,    -3.2, ,   -13.6, ,     0.4, ,   -16.1, ,     2.4, ,    12.9, ,     2.7, 
 1958,    -9.3, ,   -16.5, ,    -6.9, ,     3.6, ,    11.3, ,    14.5, ,    17.0, ,    14.8, ,     7.9, ,     4.8, ,    -6.6, ,   -13.2, ,     1.8, ,   -13.1, ,     2.7, ,    15.4, ,     2.0, 
 1959,   -25.1, ,   -10.9, ,    -2.2, ,     2.7, ,     8.2, ,    11.9, ,    16.7, ,    11.5, ,     8.0, ,     1.2, ,    -6.4, ,    -3.4, ,     1.0, ,   -16.4, ,     2.9, ,    13.4, ,     0.9, 
 1960, -9999.9,M, -9999.9,M,    -9.7, , -9999.9,M,     7.9, ,    11.8, ,    16.3, ,    13.9, ,    10.0, ,     4.1, ,    -7.1, ,    -7.2, , -9999.9,M, -9999.9,M, -9999.9,M,    14.0, ,     2.3, 
 1961,   -12.3, ,   -10.7, ,    -5.3, ,     1.9, ,     9.6, ,    15.4, ,    16.2, ,    17.1, ,     7.8, ,     2.2, ,    -8.8, ,   -20.6, ,     1.0, ,   -10.1, ,     2.1, ,    16.2, ,     0.4, 
 1962,   -14.2, ,   -15.4, ,    -9.5, ,     4.3, ,     8.3, ,    12.9, ,    15.1, ,    14.1, ,     9.9, ,     4.7, ,    -3.2, ,   -11.8, ,     1.3, ,   -16.7, ,     1.0, ,    14.0, ,     3.8, 
 1963,   -15.9, ,   -10.4, ,    -7.5, ,     2.6, ,     8.3, ,    13.2, ,    15.9, ,    15.3, ,    11.9, ,     6.1, ,   -10.4, ,   -10.8, ,     1.5, ,   -12.7, ,     1.1, ,    14.8, ,     2.5, 
 1964,   -12.5, ,    -2.2, ,   -12.9, ,     2.5, ,     8.5, ,    13.9, ,    14.7, ,    13.2, ,     7.6, ,     6.0, ,    -8.0, ,   -22.2, ,     0.7, ,    -8.5, ,    -0.6, ,    13.9, ,     1.9, 
 1965,   -17.5, ,   -17.9, ,    -5.9, ,     2.2, ,     9.0, ,    13.4, ,    16.7, ,    16.2, ,     6.6, ,     6.4, ,   -11.5, ,   -12.2, ,     0.5, ,   -19.2, ,     1.8, ,    15.4, ,     0.5, 
 1966,   -27.7, ,   -11.0, ,    -5.6, ,    -0.2, ,     9.9, ,    11.9, ,    14.5, ,    13.5, ,    10.5, ,     2.2, ,   -13.8, ,   -13.2, ,    -0.8, ,   -17.0, ,     1.4, ,    13.3, ,    -0.4, 
 1967,   -17.9, ,   -12.0, ,   -12.4, ,     0.2, ,     9.2, ,    13.9, ,    15.7, ,    17.0, ,    12.9, ,     4.2, ,    -4.2, ,   -13.5, ,     1.1, ,   -14.4, ,    -1.0, ,    15.5, ,     4.3, 
 1968,   -18.3, ,    -9.7, ,    -2.1, ,     3.1, ,     9.2, ,    12.7, ,    15.2, ,    13.2, ,     8.9, ,     3.1, ,    -4.0, ,   -21.6, ,     0.8, ,   -13.8, ,     3.4, ,    13.7, ,     2.7, 
 1969,   -30.1, ,   -15.7, ,    -5.9, ,     4.3, ,     9.8, ,    13.8, ,    14.9, ,    13.7, ,     7.2, ,     2.0, ,    -4.8, ,    -8.3, ,     0.1, ,   -22.5, ,     2.7, ,    14.1, ,     1.5, 
 1970,   -20.4, ,    -6.0, ,    -4.3, ,     3.4, ,     9.2, ,    14.4, ,    14.9, ,    14.9, ,     9.2, ,     4.0, ,   -10.5, , -9999.9,M, -9999.9,M,   -11.6, ,     2.8, ,    14.7, ,     0.9, 
 1971, -9999.9,M,    -9.8, ,    -7.5, ,     4.1, ,    11.3, ,    13.7, ,    16.5, ,    15.3, ,     7.5, ,     3.4, ,    -7.4, , -9999.9,M, -9999.9,M, -9999.9,M,     2.6, ,    15.2, ,     1.2, 
 1972, -9999.9,M,   -20.0, ,    -6.6, ,    -0.9, ,    10.8, ,    13.9, ,    13.7, ,    14.9, ,     5.6, ,     2.2, ,    -6.8, ,   -17.2, , -9999.9,M, -9999.9,M,     1.1, ,    14.2, ,     0.3, 
 1973,   -13.1, ,   -11.3, ,    -3.4, ,     3.8, ,    10.9, ,    12.3, ,    14.8, ,    13.1, ,     9.7, ,     3.2, ,   -16.7, ,   -14.5, ,     0.7, ,   -13.9, ,     3.8, ,    13.4, ,    -1.3, 
 1974,   -21.9, ,   -10.7, ,   -12.0, ,     3.0, ,     7.9, ,    13.1, ,    13.4, ,    13.4, ,     8.2, ,     5.9, ,    -1.8, ,    -6.4, ,     1.0, ,   -15.7, ,    -0.4, ,    13.3, ,     4.1, 
 1975,   -14.2, ,   -14.4, ,    -7.8, ,     1.4, ,     9.0, ,    13.3, ,    16.8, ,    12.6, ,    11.7, ,     2.9, ,    -7.6, ,   -13.0, ,     0.9, ,   -11.7, ,     0.9, ,    14.2, ,     2.3, 
 1976,   -11.2, ,   -12.2, ,    -5.0, ,     5.9, ,    10.1, ,    11.3, ,    14.4, ,    14.3, ,    11.8, ,     4.4, ,    -0.6, ,   -11.5, ,     2.6, ,   -12.1, ,     3.7, ,    13.3, ,     5.2, 
 1977,   -10.3, ,     0.7, ,    -3.3, ,     6.8, ,     9.9, ,    13.6, ,    14.5, ,    13.6, ,     9.1, ,     4.5, ,    -8.9, ,   -20.3, ,     2.5, ,    -7.0, ,     4.5, ,    13.9, ,     1.6, 
 1978,   -17.2, ,   -10.0, ,    -4.2, ,     3.2, ,     8.8, ,    15.1, ,    16.7, ,    14.0, ,     9.2, ,     7.1, ,    -7.8, ,   -11.6, ,     1.9, ,   -15.8, ,     2.6, ,    15.3, ,     2.8, 
 1979,   -17.2, ,   -26.2, ,    -4.4,E,    -0.6, ,     7.6, ,    13.4, ,    16.4, ,    15.0, ,    11.1, ,     5.9, ,    -1.6, ,    -9.2, ,     0.9,E,   -18.3, ,     0.9,E,    14.9, ,     5.1, 
 1980,   -17.0, ,    -6.7, ,    -5.5, ,     7.6, ,    11.1, ,    14.9, ,    15.5, ,    12.9, ,     8.9, ,     7.1, ,     0.3, ,   -18.6, ,     2.5, ,   -11.0, ,     4.4, ,    14.4, ,     5.4, 
 1981,    -4.6, ,    -7.5, ,    -0.6, ,     1.3, ,    12.0, ,    12.4, ,    17.1,E,    17.8, ,    10.7, ,     3.2, ,    -3.5, ,   -16.2, ,     3.5,E,   -10.2, ,     4.2, ,    15.8,E,     3.5, 
 1982,   -28.0, ,   -16.2, ,    -8.4, ,     0.3, ,     9.1, ,    16.0, ,    17.2, ,    11.9, ,    11.1, ,     4.7, ,   -10.0, ,   -13.3, ,    -0.5, ,   -20.1, ,     0.3, ,    15.0, ,     1.9, 
 1983,   -13.6, ,   -10.6, ,    -8.4, ,     4.7, ,    10.0, ,    13.7, ,    15.2, ,    14.7, ,     8.1, ,     4.3, ,    -6.3, ,   -20.4, ,     1.0, ,   -12.5, ,     2.1, ,    14.5, ,     2.0, 
 1984,    -8.8, ,    -2.8, ,    -1.9, ,     5.6, ,     7.8, ,    12.8, ,    15.5, ,    14.4, ,     6.2, ,    -0.5, ,   -11.8, ,   -18.7, ,     1.5, ,   -10.7, ,     3.8, ,    14.2, ,    -2.0, 
 1985,    -7.8, ,   -15.4, ,    -2.1,E,     3.9, ,    10.9, ,    12.6, ,    16.5, ,    14.2, ,     7.7, ,     1.8, ,   -16.2, ,    -5.6, ,     1.7,E,   -14.0, ,     4.2,E,    14.4, ,    -2.2, 
 1986,    -8.4, ,   -12.0, ,    -1.8, ,     2.3, ,     9.3, ,    13.6, ,    15.2, ,    15.3, ,     7.8, ,     5.7, ,    -9.8, ,    -5.1, ,     2.7, ,    -8.7, ,     3.3, ,    14.7, ,     1.2, 
 1987,    -6.9, ,    -5.7, ,    -8.8, ,     6.2, ,    10.3, ,    14.1, ,    15.6, ,    12.5,E,    12.1, ,     6.0, ,    -0.3, ,    -6.6, ,     4.0,E,    -5.9, ,     2.6, ,    14.1,E,     5.9, 
 1988,   -14.8, ,    -9.2, ,     0.6, ,     5.2, ,    10.2, ,    13.3, ,    14.8, ,    15.0, ,     9.8, ,     5.1, ,    -9.1, ,    -9.5, ,     2.6, ,   -10.2, ,     5.3, ,    14.4, ,     1.9, 
 1989,   -11.4, ,   -13.3, ,   -11.0, ,     5.2, ,    10.7, ,    15.0, ,    16.6, ,    15.8, ,    10.2, ,     3.3, ,    -6.9, ,    -6.5, ,     2.3, ,   -11.4, ,     1.6, ,    15.8, ,     2.2, 
 1990,   -12.0, ,   -14.4,E,    -0.8, ,     3.6, ,    10.2, ,    13.8,E,    16.7, ,    16.1, ,    12.6, ,     1.0, ,   -13.5, ,   -15.6, ,     1.5,E,   -11.0,E,     4.3, ,    15.5,E,     0.0, 
 1991,   -13.0, ,    -3.5,E,    -5.5,E,     6.9, ,    11.2, ,    13.4, ,    16.3, ,    16.7, ,    11.2, ,    -0.6, ,    -9.0,E,    -8.6, ,     3.0,E,   -10.7,E,     4.2,E,    15.5, ,     0.5,E
 1992,    -6.1, ,   -10.1, ,     1.9, ,     5.0, ,     9.4, ,    16.0, ,    16.0,E,    15.1,E,     6.2, ,     2.5,E,    -4.1,E,   -18.6,E,     2.8,E,    -8.3, ,     5.4, ,    15.7,E,     1.5,E
 1993,   -13.3, ,    -7.7,E,    -0.5, ,     5.0,E,    11.8, ,    13.3, ,    13.3,E,    13.5, ,    10.1,E,     4.8,E, -9999.9,M, -9999.9,M, -9999.9,M,   -13.2,E,     5.4,E,    13.4,E, -9999.9,M
