1100119,AGASSIZ_RCS         ,BC  , station not joined, Monthly mean of homogenized daily mean temperature                     , Deg Celcius,          Updated to December 2019
1100119,AGASSIZ_RCS         ,BC  , station non jointe, Moyenne mensuelle des temperatures quotidiennes moyennes homogeneisees , Deg Celsius, Mise a jour jusqu a decembre 2019
 Year,     Jan, ,     Feb, ,     Mar, ,     Apr, ,     May, ,     Jun, ,     Jul, ,     Aug, ,     Sep, ,     Oct, ,     Nov, ,     Dec, ,  Annual, ,  Winter, ,  Spring, ,  Summer, ,  Autumn
Annee,    Janv, ,     Fev, ,    Mars, ,     Avr, ,     Mai, ,    Juin, ,    Juil, ,    Aout, ,    Sept, ,     Oct, ,     Nov, ,     Dec, ,  Annuel, ,   Hiver, ,Printemp, ,     Ete, , Automne
 1988, -9999.9,M, -9999.9,M, -9999.9,M, -9999.9,M, -9999.9,M, -9999.9,M, -9999.9,M, -9999.9,M, -9999.9,M, -9999.9,M,     7.3,E,     4.6,E, -9999.9,M, -9999.9,M, -9999.9,M, -9999.9,M, -9999.9,M
 1989, -9999.9,M, -9999.9,M, -9999.9,M, -9999.9,M, -9999.9,M,    17.1, ,    17.6, ,    18.2, ,    18.0, , -9999.9,M, -9999.9,M, -9999.9,M, -9999.9,M, -9999.9,M, -9999.9,M,    17.6, , -9999.9,M
 1990,     3.6, , -9999.9,M,     7.9, ,    11.4, ,    12.6, ,    15.5, ,    20.1, ,    20.3, ,    18.1, ,     9.6, ,     6.9, ,    -0.4, , -9999.9,M, -9999.9,M,    10.6, ,    18.6, ,    11.5, 
 1991,    -0.1, ,     8.5, ,     6.4, ,    11.0, ,    13.2, ,    15.4, ,    19.3, ,    19.1, ,    17.4, ,    10.7, ,     7.4, ,     6.0, ,    11.2, ,     2.7, ,    10.2, ,    17.9, ,    11.8, 
 1992,     5.8, ,     8.2, ,    11.2, ,    11.7, ,    15.6, ,    18.3,E, -9999.9,M, -9999.9,M,    14.6, ,    11.9, ,     7.1,E,     1.3, , -9999.9,M,     6.7, ,    12.8, , -9999.9,M,    11.2,E
 1993,    -0.4, ,     5.4, ,     8.5, ,    10.6,E,    16.8, ,    16.3, ,    17.3, ,    19.1, ,    16.8,E,    13.3, ,     4.3, ,     4.7, ,    11.1,E,     2.1, ,    12.0,E,    17.6, ,    11.5,E
 1994,     7.2, ,     3.1, ,     9.3, ,    12.0, ,    15.3, ,    15.7, ,    19.5, ,    19.2, ,    17.2, ,    11.2, ,     4.2, ,     3.4, ,    11.4, ,     5.0, ,    12.2, ,    18.1, ,    10.9, 
 1995,     4.3, ,     6.7, ,     7.8, ,    11.1, ,    16.2, ,    17.9, ,    19.4, ,    17.1, ,    18.5, ,    10.9, ,     8.5, ,     3.9, ,    11.9, ,     4.8, ,    11.7, ,    18.1, ,    12.6, 
 1996,     0.9, ,     6.0, ,     7.6, ,    11.0,E,    11.9, ,    16.1, ,    20.1,E,    18.5, ,    14.4, ,    10.2, ,     4.0,E,    -0.6, ,    10.0,E,     3.6, ,    10.2,E,    18.2,E,     9.5,E
 1997,     2.4, ,     5.5, ,     6.0, ,    10.1, ,    15.4, ,    15.9, ,    18.3, ,    20.3, ,    17.0, ,    10.4, ,     8.3, ,     4.7, ,    11.2, ,     2.4, ,    10.5, ,    18.2, ,    11.9, 
 1998,     2.1, ,     6.8, ,     8.2, ,    10.9, ,    14.1, ,    17.0, ,    20.0, ,    19.3, ,    17.1, ,    11.6, ,     7.2, ,     2.7, ,    11.4, ,     4.5, ,    11.1, ,    18.8, ,    12.0, 
 1999,     4.2, ,     4.5, ,     6.3, ,     9.9, ,    11.5, ,    14.7, ,    17.5, ,    18.7, ,    15.7, ,    10.8, ,     7.1, ,     5.2, ,    10.5, ,     3.8, ,     9.2, ,    17.0, ,    11.2, 
 2000,     3.0, ,     6.0, ,     6.6, ,    10.8, ,    12.2, ,    16.6, ,    18.0, ,    17.1, ,    15.2, ,    11.0, ,     5.8, ,     3.1, ,    10.5, ,     4.7, ,     9.9, ,    17.2, ,    10.7, 
 2001,     4.9, ,     4.8, ,     7.6, ,     9.2, ,    13.2, ,    14.7,E,    17.2, ,    18.4, ,    15.5, ,     9.9, ,     7.5, ,     3.7, ,    10.6,E,     4.3, ,    10.0, ,    16.8,E,    11.0, 
 2002,     3.5, ,     4.4, ,     3.5,E,     9.7, ,    11.9, ,    17.1, ,    18.6, ,    18.5,E,    15.4, ,    11.1, ,     8.7, ,     5.1, ,    10.6,E,     3.9, ,     8.4,E,    18.1,E,    11.7, 
 2003,     6.1, ,     5.6, ,     6.2, ,     9.7, ,    12.9, ,    17.3, ,    19.2, ,    18.7, ,    17.1, ,    11.9, ,     4.3, ,     4.3, ,    11.1, ,     5.6, ,     9.6, ,    18.4, ,    11.1, 
 2004,     2.5, ,     6.6, ,     8.6, ,    12.7, ,    14.3, ,    17.7, ,    20.2, ,    20.0, ,    14.7, ,    11.3, ,     6.5, ,     5.2, ,    11.7, ,     4.5, ,    11.9, ,    19.3, ,    10.8, 
 2005,     2.2, ,     6.7, ,     8.7, ,    10.8, ,    15.6, ,    15.6, ,    18.1, ,    19.2, ,    14.5, ,    11.5, ,     6.1, ,     4.4, ,    11.1, ,     4.7, ,    11.7, ,    17.6, ,    10.7, 
 2006,     5.5, ,     4.4, ,     7.2, ,    10.0, ,    14.2, ,    17.3, ,    19.0, ,    18.0, ,    16.4, ,    11.4, ,     4.5, ,     3.9, ,    11.0, ,     4.8, ,    10.5, ,    18.1, ,    10.8, 
 2007,     3.1, ,     5.7, ,     7.3, ,     9.8, ,    13.8,E,    15.1, ,    19.6, ,    17.6,E,    14.9, ,     9.9, ,     5.8, ,     2.1, ,    10.4,E,     4.2, ,    10.3,E,    17.4,E,    10.2, 
 2008, -9999.9,M,     5.5, ,     6.1, ,     7.7,E,    14.0, ,    14.0, ,    17.7, ,    18.3,E,    15.5,E, -9999.9,M, -9999.9,M, -9999.9,M, -9999.9,M, -9999.9,M,     9.3,E,    16.7,E, -9999.9,M
 2009, -9999.9,M,     4.8, ,     4.7, ,    10.1, ,    13.6,E,    17.8, ,    21.0, ,    18.7, ,    17.1, ,    10.5, ,     6.4, ,     1.0, , -9999.9,M, -9999.9,M,     9.5,E,    19.2, ,    11.3, 
 2010, -9999.9,M,     7.6, ,     8.1, ,    10.1, ,    12.4,E,    15.1,E,    18.8, ,    19.0, ,    16.0, ,    12.0, ,     4.5, ,     4.2, , -9999.9,M, -9999.9,M,    10.2,E,    17.6,E,    10.8, 
 2011,     3.2, ,     2.6, ,     6.7, ,     7.4, ,    11.8, ,    15.4, ,    17.4, ,    18.7, ,    17.0, ,    10.4, ,     4.7, ,     3.7, ,     9.9, ,     3.3, ,     8.6, ,    17.2, ,    10.7, 
 2012,     1.8, ,     5.8, ,     5.6, ,    10.6,E,    13.3, ,    14.4,E,    18.7, ,    20.0, ,    16.1,E,    11.2,E,     7.1,E,     3.1, ,    10.6,E,     3.8, ,     9.8,E,    17.7,E,    11.5,E
 2013,     2.6, ,     5.3, ,     7.9, ,    10.0, ,    15.0,E,    17.0, ,    19.8, ,    20.0, ,    17.0, ,    11.4, ,     6.4, ,     1.8, ,    11.2,E,     3.7, ,    11.0,E,    18.9, ,    11.6, 
 2014,     5.9, ,     2.4, ,     6.8, ,    10.9, ,    15.2, ,    16.4, ,    20.1, ,    20.4, ,    17.7, ,    13.3, ,     6.2, ,     4.8, ,    11.7, ,     3.4, ,    11.0, ,    19.0, ,    12.4, 
 2015,     5.6, ,     8.6, ,     9.8, ,    10.6, ,    16.3, ,    19.4, ,    21.0, ,    19.6, ,    14.9, ,    13.4, ,     5.4, ,     4.2, ,    12.4, ,     6.3, ,    12.2, ,    20.0, ,    11.2, 
 2016,     4.3, ,     7.4, ,     9.0, ,    13.3, ,    15.8, ,    17.0, ,    18.5, ,    19.8, ,    15.6, ,    11.3, ,     8.6, ,    -0.2, ,    11.7, ,     5.3, ,    12.7, ,    18.4, ,    11.8, 
 2017,     0.9, ,     2.7, ,     6.6, ,    10.1, ,    14.4, ,    17.0, ,    18.9, ,    20.1, ,    17.6, ,    10.8, ,     6.0, ,     2.5, ,    10.6, ,     1.1, ,    10.4, ,    18.7, ,    11.5, 
 2018,     3.7, ,     2.8, ,     6.7, ,    10.6, ,    16.5, ,    16.3, ,    20.7, ,    19.5, ,    15.5, ,    11.5, ,     8.2, ,     4.6, ,    11.4, ,     3.0, ,    11.3, ,    18.8, ,    11.7, 
 2019,     5.3, ,    -0.1, ,     8.3, ,    10.6, ,    16.0, ,    17.1, ,    18.8, ,    19.6, ,    16.0, ,     9.2, ,     7.1, ,     4.1, ,    11.0, ,     3.3, ,    11.6, ,    18.5, ,    10.8, 
