1141455,CASTLEGAR_A         ,BC  , station not joined, Monthly mean of homogenized daily mean temperature                     , Deg Celcius,          Updated to December 2019
1141455,CASTLEGAR_A         ,BC  , station non jointe, Moyenne mensuelle des temperatures quotidiennes moyennes homogeneisees , Deg Celsius, Mise a jour jusqu a decembre 2019
 Year,     Jan, ,     Feb, ,     Mar, ,     Apr, ,     May, ,     Jun, ,     Jul, ,     Aug, ,     Sep, ,     Oct, ,     Nov, ,     Dec, ,  Annual, ,  Winter, ,  Spring, ,  Summer, ,  Autumn
Annee,    Janv, ,     Fev, ,    Mars, ,     Avr, ,     Mai, ,    Juin, ,    Juil, ,    Aout, ,    Sept, ,     Oct, ,     Nov, ,     Dec, ,  Annuel, ,   Hiver, ,Printemp, ,     Ete, , Automne
 1959, -9999.9,M, -9999.9,M, -9999.9,M, -9999.9,M, -9999.9,M, -9999.9,M,    19.4, ,    16.8, ,    12.4, , -9999.9,M,    -0.7, ,    -1.5, , -9999.9,M, -9999.9,M, -9999.9,M, -9999.9,M, -9999.9,M
 1960,    -5.1, ,    -1.6, ,     2.4, ,     7.5, ,    10.5, ,    15.7, ,    21.8, ,    17.6, ,    12.9, ,     8.8, ,     1.8, ,    -1.1, ,     7.6, ,    -2.7, ,     6.8, ,    18.4, ,     7.8, 
 1961,    -0.7, ,     2.3, ,     4.7, , -9999.9,M, -9999.9,M,    18.3, ,    20.6, ,    20.4, ,    13.0, ,     6.7, ,    -0.4, ,    -2.8, , -9999.9,M,     0.2, , -9999.9,M,    19.8, ,     6.4, 
 1962,    -4.5, ,    -0.5, ,     1.7, ,     9.3, ,    12.0, ,    15.6, ,    18.4, ,    17.5, ,    14.4, ,     9.3, ,     4.8, ,     1.4, ,     8.3, ,    -2.6, ,     7.7, ,    17.2, ,     9.5, 
 1963,    -5.3, ,     2.4, ,     5.5, ,     9.0, ,    12.9, ,    16.2, , -9999.9,M, -9999.9,M, -9999.9,M, -9999.9,M, -9999.9,M, -9999.9,M, -9999.9,M,    -0.5, ,     9.1, , -9999.9,M, -9999.9,M
 1964, -9999.9,M, -9999.9,M, -9999.9,M, -9999.9,M, -9999.9,M, -9999.9,M, -9999.9,M, -9999.9,M, -9999.9,M, -9999.9,M, -9999.9,M, -9999.9,M, -9999.9,M, -9999.9,M, -9999.9,M, -9999.9,M, -9999.9,M
 1965, -9999.9,M, -9999.9,M, -9999.9,M, -9999.9,M, -9999.9,M, -9999.9,M, -9999.9,M, -9999.9,M, -9999.9,M, -9999.9,M, -9999.9,M,    -1.3, , -9999.9,M, -9999.9,M, -9999.9,M, -9999.9,M, -9999.9,M
 1966,    -2.8, ,    -0.4, ,     2.7, ,     7.8, ,    13.3, ,    15.5, ,    19.1, ,    19.0, ,    17.3, ,     8.1, ,     2.8, ,     0.2, ,     8.6, ,    -1.5, ,     7.9, ,    17.9, ,     9.4, 
 1967,    -0.7, ,     0.4, ,     2.6, ,     6.9, ,    12.5, ,    18.3, ,    21.4, ,    23.2, ,    18.4, ,     8.0, ,     2.2, ,    -2.5, ,     9.2, ,     0.0, ,     7.3, ,    21.0, ,     9.5, 
 1968,    -3.3, ,     0.3, ,     5.0, ,     7.2, ,    12.6, ,    15.7, ,    20.9, ,    18.0, ,    14.3, ,     7.2, ,     2.3, ,    -5.0, ,     7.9, ,    -1.8, ,     8.3, ,    18.2, ,     7.9, 
 1969,    -9.1, ,    -3.2, ,     2.2, ,     8.8, ,    15.1, ,    18.8, ,    18.9, ,    19.5, ,    15.0, ,     7.0, ,     3.3, ,    -0.3, ,     8.0, ,    -5.8, ,     8.7, ,    19.1, ,     8.4, 
 1970,    -3.5, ,     0.5, ,     3.4, ,     6.8, ,    13.7, ,    19.1, ,    21.5, ,    21.0, ,    11.9, ,     6.6, ,     1.4, ,    -3.3, ,     8.3, ,    -1.1, ,     8.0, ,    20.5, ,     6.6, 
 1971,    -3.4, ,    -0.5, ,     1.1, ,     8.3, ,    13.5, ,    15.1, ,    19.7, ,    22.4, ,    12.8, ,     6.8, ,     2.0, ,    -5.0, ,     7.7, ,    -2.4, ,     7.6, ,    19.1, ,     7.2, 
 1972,    -6.3, ,    -1.4, ,     3.8, ,     6.1, ,    13.9, ,    15.9, ,    18.2, ,    20.8, ,    11.9, ,     7.1, ,     3.3, ,    -3.9, ,     7.5, ,    -4.2, ,     7.9, ,    18.3, ,     7.4, 
 1973,    -4.3, ,    -0.3, ,     4.7, ,     8.4, ,    13.2, ,    16.2, ,    21.1, ,    20.5, ,    15.6, ,     7.9, ,     0.0, ,    -0.5, ,     8.5, ,    -2.8, ,     8.8, ,    19.3, ,     7.8, 
 1974,    -3.9, ,     1.0, ,     3.1, ,     8.8, ,    11.1, ,    19.0, ,    19.2, ,    19.5, ,    15.0, ,     8.6, ,     2.9, ,    -0.5, ,     8.7, ,    -1.1, ,     7.7, ,    19.2, ,     8.8, 
 1975,    -4.7, ,    -4.1, ,     1.1, ,     7.1, ,    12.6, ,    16.1, ,    21.9, ,    17.3, ,    15.0, ,     7.3, ,     1.1, ,    -0.7, ,     7.5, ,    -3.1, ,     6.9, ,    18.4, ,     7.8, 
 1976,    -1.8, ,    -0.2, ,     0.9, ,     8.4, ,    13.0, ,    14.6, ,    19.2, ,    17.5, ,    15.1, ,     7.7, ,     2.6, ,    -0.7, ,     8.0, ,    -0.9, ,     7.4, ,    17.1, ,     8.5, 
 1977,    -4.4, ,     0.8, ,     3.5, ,     9.4, ,    11.3, ,    18.4, ,    19.3, ,    21.1, ,    13.0, ,     7.4, ,     0.0, ,    -3.6, ,     8.0, ,    -1.4, ,     8.1, ,    19.6, ,     6.8, 
 1978,    -3.0, ,     0.2, ,     3.6, ,     8.6, ,    11.7, ,    17.1, ,    20.7, ,    18.4, ,    13.7, ,     7.7, ,    -0.4, ,    -5.7, ,     7.7, ,    -2.1, ,     8.0, ,    18.7, ,     7.0, 
 1979,    -9.2, ,    -2.2, ,     3.8, ,     8.2, ,    12.9, ,    18.0, ,    21.1, ,    21.5, ,    15.8, ,     9.8,E,     0.7,E,     1.3, ,     8.5,E,    -5.7, ,     8.3, ,    20.2, ,     8.8,E
 1980,    -6.1, ,    -0.4, ,     3.1, ,    10.4, ,    14.3, ,    15.9, ,    19.7, ,    17.4, ,    14.0, ,     9.2, ,     3.2, ,    -0.5, ,     8.4, ,    -1.7, ,     9.3, ,    17.7, ,     8.8, 
 1981,     1.0, ,     0.9, ,     5.1, ,     7.6, ,    12.8, ,    14.0, ,    17.9, ,    20.7, ,    14.2, ,     6.8, ,     3.8, ,    -2.0, ,     8.6, ,     0.5, ,     8.5, ,    17.5, ,     8.3, 
 1982,    -3.6, ,    -1.7, ,     3.8, ,     6.9, ,    12.5, ,    18.9, ,    18.1, ,    18.5, ,    13.9, ,     7.9, ,    -0.1, ,    -2.1, ,     7.8, ,    -2.4, ,     7.7, ,    18.5, ,     7.2, 
 1983,    -0.1, ,     2.0, ,     5.7, ,     8.5, ,    14.2, ,    16.2, ,    17.4, ,    20.3, ,    12.6, ,     7.9, ,     4.3, ,    -6.5, ,     8.5, ,    -0.1, ,     9.5, ,    18.0, ,     8.3, 
 1984,    -1.7, ,     0.6, ,     5.2, ,     7.9, ,    10.4, ,    15.2, ,    20.6, ,    20.2, ,    12.0, ,     6.5, ,     1.2, ,    -5.8, ,     7.7, ,    -2.5, ,     7.8, ,    18.7, ,     6.6, 
 1985,    -3.3, ,    -3.1, ,     2.7, ,     8.9, ,    14.1, ,    17.2, ,    23.6, ,    18.6, ,    11.9, ,     6.6, ,    -4.8, ,    -3.5, ,     7.4, ,    -4.1, ,     8.6, ,    19.8, ,     4.6, 
 1986,    -0.5, ,    -1.7, ,     5.9, ,     7.9, ,    13.1, ,    18.7, ,    17.2, ,    21.3, ,    13.1, ,     8.8, ,     1.9, ,    -0.7, ,     8.8, ,    -1.9, ,     9.0, ,    19.1, ,     7.9, 
 1987,    -2.4, ,     1.2, ,     5.4, ,    10.6, ,    14.7, ,    18.8, ,    19.9, ,    18.9, ,    16.5, ,     8.5, ,     4.8, ,    -1.4, ,     9.6, ,    -0.6, ,    10.2, ,    19.2, ,     9.9, 
 1988,    -3.2, ,     0.3, ,     4.7, ,    10.0, ,    13.4, ,    16.7, ,    19.6, ,    20.1, ,    14.4, ,     9.8, ,     2.8, ,    -1.6, ,     8.9, ,    -1.4, ,     9.4, ,    18.8, ,     9.0, 
 1989,    -1.8, ,    -5.1, ,     2.9, ,     9.3, ,    12.8, ,    17.8, ,    20.5, ,    18.5, ,    14.7, ,     7.8, ,     2.9, ,     0.2, ,     8.4, ,    -2.8, ,     8.3, ,    18.9, ,     8.5, 
 1990,     0.0, ,    -1.6, ,     4.7, ,    10.3, ,    12.0, ,    15.4, ,    20.9, ,    20.1, ,    16.8, ,     7.1, ,     3.4, ,    -6.2, ,     8.6, ,    -0.5, ,     9.0, ,    18.8, ,     9.1, 
 1991,    -5.0, ,     3.1, ,     3.1, ,     8.4, ,    12.3, ,    15.4, ,    20.1, ,    20.6, ,    15.6, ,     7.6, ,     1.3, ,    -0.2, ,     8.5, ,    -2.7, ,     7.9, ,    18.7, ,     8.2, 
 1992,     0.4, ,     3.1, ,     6.7, ,     9.3, ,    14.5, ,    19.8, ,    19.6, ,    19.4, ,    13.1, ,     8.6, ,     2.5, ,    -4.3, ,     9.4, ,     1.1, ,    10.2, ,    19.6, ,     8.1, 
 1993,    -5.1, ,    -2.8, ,     3.9, ,     8.6, ,    16.2, ,    16.4, ,    16.8, ,    18.4, ,    14.6, ,     9.6, ,    -0.1, ,    -0.8, ,     8.0, ,    -4.1, ,     9.6, ,    17.2, ,     8.0, 
 1994,     1.6, ,    -1.5, ,     5.1, ,    10.4, ,    13.9, ,    16.2, ,    22.1, ,    20.7, ,    16.3, ,     8.6, ,     0.0, ,    -1.6, ,     9.3, ,    -0.2, ,     9.8, ,    19.7, ,     8.3, 
 1995,    -1.6, ,     1.4, ,     3.8, ,     8.2, ,    14.9, ,    17.3, ,    20.4, ,    17.2, ,    16.7, ,     7.7, ,     2.9, ,    -1.3, ,     9.0, ,    -0.6, ,     9.0, ,    18.3, ,     9.1, 
 1996,    -3.9, ,    -2.3, ,     3.2, ,     8.5,E,    10.7, ,    16.4,E,    20.8,E,    20.1,E,    13.2,E,     7.4, ,     0.5, ,    -4.4, ,     7.5,E,    -2.5, ,     7.5,E,    19.1,E,     7.0,E
 1997,    -2.5, ,    -0.2, ,     2.7, ,     7.1, ,    13.6, ,    16.2, ,    19.3, ,    19.7, ,    15.1, ,     8.0, ,     3.5, ,    -0.3, ,     8.5, ,    -2.4, ,     7.8, ,    18.4, ,     8.9, 
 1998,    -1.1, ,     2.8, ,     5.3, ,     9.3, ,    15.2, ,    16.9, ,    22.6, ,    21.5, ,    18.3, ,     8.2, ,     4.8,E,    -1.8,E,    10.2,E,     0.5, ,     9.9, ,    20.3, ,    10.4,E
 1999,     0.4, ,     1.2, ,     4.2, ,     8.5,E,    11.5, ,    15.4, ,    18.2, ,    20.3, ,    13.7, ,     7.3, ,     4.8, ,    -0.1, ,     8.8,E,    -0.1,E,     8.1,E,    18.0, ,     8.6, 
 2000,    -1.9, ,     0.5, ,     4.5, ,     9.2, ,    12.3, ,    16.3, ,    20.0, ,    19.9, ,    13.5, ,     7.8, ,     0.2, ,    -3.1, ,     8.3, ,    -0.5, ,     8.7, ,    18.7, ,     7.2, 
 2001,    -0.9, ,    -0.9, ,     4.2, ,     8.0, ,    13.7, ,    15.2, ,    19.9, ,    21.4, ,    16.3,E,     6.9, ,     4.2, ,    -1.4, ,     8.9,E,    -1.6, ,     8.6, ,    18.8, ,     9.1,E
 2002,    -1.2, ,    -0.2, ,     1.6, ,     8.5, ,    11.4, ,    17.8, ,    21.1, ,    19.6, ,    15.1, ,     6.2, ,     3.3, ,     1.2, ,     8.7, ,    -0.9, ,     7.2, ,    19.5, ,     8.2, 
 2003,     0.2, ,     0.4, ,     4.2, ,     8.8, ,    12.8, ,    18.2, ,    23.0, ,    21.9, ,    16.1, ,     9.5, ,    -0.4, ,    -1.6, ,     9.4, ,     0.6, ,     8.6, ,    21.0, ,     8.4, 
 2004,    -2.2, ,     0.4, ,     5.9, ,    10.6, ,    13.3, ,    17.6, ,    21.4, ,    21.3, ,    14.1, ,     8.8, ,     2.7, ,     0.4, ,     9.5, ,    -1.1, ,     9.9, ,    20.1, ,     8.5, 
 2005,    -2.9, ,    -0.2, ,     5.0, ,     9.3, ,    14.4, ,    15.8, ,    20.3, ,    20.0, ,    14.1, ,     8.8, ,     1.9, ,    -3.2, ,     8.6, ,    -0.9, ,     9.6, ,    18.7, ,     8.3, 
 2006,     1.4, ,    -1.1, ,     3.9, ,     9.5, ,    13.8, ,    17.9, ,    22.6, ,    20.3, ,    15.8, ,     8.4, ,     1.4, ,    -2.2, ,     9.3, ,    -1.0, ,     9.1, ,    20.3, ,     8.5, 
 2007,    -3.8, ,     0.8, ,     5.6, ,     8.5, ,    13.7, ,    17.1, ,    24.1, ,    20.5, ,    15.7, ,     7.7, ,     1.4, ,    -1.8, ,     9.1, ,    -1.7, ,     9.3, ,    20.6, ,     8.3, 
 2008,    -4.0, ,     0.6, ,     2.9, ,     6.4, ,    14.5, ,    16.2, ,    21.1, ,    20.3, ,    13.8, ,     7.3, ,     3.3, ,    -5.0, ,     8.1, ,    -1.7, ,     7.9, ,    19.2, ,     8.1, 
 2009,    -2.5, ,    -0.7, ,     1.7, ,     7.8, ,    12.9, ,    17.1, ,    21.3, ,    21.3, ,    16.8, ,     6.1, ,     3.3, ,    -4.4, ,     8.4, ,    -2.7, ,     7.5, ,    19.9, ,     8.7, 
 2010,     0.6, ,     3.4, ,     5.6, ,     8.5, ,    11.4, ,    16.3, ,    20.3, ,    19.7, ,    14.5, ,     9.4, ,     1.2, ,    -1.4, ,     9.1, ,    -0.1, ,     8.5, ,    18.8, ,     8.4, 
 2011,    -2.4, ,    -2.5, ,     3.8, ,     6.4, ,    12.3, ,    15.8, ,    18.8, ,    20.8, ,    16.6, ,     8.2, ,     0.7, ,    -1.9, ,     8.1, ,    -2.1, ,     7.5, ,    18.5, ,     8.5, 
 2012,    -2.7, ,     0.1, ,     3.2, ,     9.0, ,    12.5, ,    15.1, ,    21.5, ,    21.0, ,    15.3, ,     8.1, ,     3.7, ,     0.1, ,     8.9, ,    -1.5, ,     8.2, ,    19.2, ,     9.0, 
 2013,    -2.6, ,     1.3, ,     4.3, ,     8.2, ,    14.4, ,    17.2, ,    21.9, ,    21.4, ,    16.2, ,     7.5, ,     1.8, ,    -3.5, ,     9.0, ,    -0.4, ,     9.0, ,    20.2, ,     8.5, 
 2014,     0.0, ,    -3.9, ,     3.4, ,     8.5, ,    13.7, ,    16.6, ,    22.7, ,    21.3, ,    15.3, ,    10.4, ,     1.3, ,    -0.8, ,     9.0, ,    -2.5, ,     8.5, ,    20.2, ,     9.0, 
 2015,    -0.5, ,     3.0, ,     6.8, ,     9.0, ,    15.2, ,    20.3, ,    22.6, ,    20.4, ,    13.9, ,    10.5, ,     1.9, ,    -0.7, ,    10.2, ,     0.6, ,    10.3, ,    21.1, ,     8.8, 
 2016,    -0.1, ,     2.7, ,     5.9, ,    12.2, ,    15.0, ,    17.8, ,    19.8, ,    20.9, ,    14.8, ,     9.0, ,     6.1, ,    -3.9, ,    10.0, ,     0.6, ,    11.0, ,    19.5, ,    10.0, 
 2017,    -4.7, ,    -1.9, ,     3.8, ,     8.1, ,    14.1, ,    17.8, ,    23.1, ,    22.1, ,    16.5, ,     7.6, ,     2.4, ,    -2.6, ,     8.9, ,    -3.5, ,     8.7, ,    21.0, ,     8.8, 
 2018,     0.1, ,    -2.6, ,     3.7, ,     7.7, ,    16.9, ,    16.8, ,    22.0, ,    20.5, ,    14.2, ,     7.7, ,     3.3, ,    -0.1, ,     9.2, ,    -1.7, ,     9.4, ,    19.8, ,     8.4, 
 2019,    -0.5, ,    -4.9, ,     2.7, ,     8.8, ,    15.0, ,    17.8, ,    19.8, ,    21.1, ,    15.2, ,     5.9, ,     2.6, ,     0.2, ,     8.6, ,    -1.8, ,     8.8, ,    19.6, ,     7.9, 
