1168880,WESTWOLD            ,BC  , station not joined, Monthly mean of homogenized daily mean temperature                     , Deg Celcius,          Updated to December 2019
1168880,WESTWOLD            ,BC  , station non jointe, Moyenne mensuelle des temperatures quotidiennes moyennes homogeneisees , Deg Celsius, Mise a jour jusqu a decembre 2019
 Year,     Jan, ,     Feb, ,     Mar, ,     Apr, ,     May, ,     Jun, ,     Jul, ,     Aug, ,     Sep, ,     Oct, ,     Nov, ,     Dec, ,  Annual, ,  Winter, ,  Spring, ,  Summer, ,  Autumn
Annee,    Janv, ,     Fev, ,    Mars, ,     Avr, ,     Mai, ,    Juin, ,    Juil, ,    Aout, ,    Sept, ,     Oct, ,     Nov, ,     Dec, ,  Annuel, ,   Hiver, ,Printemp, ,     Ete, , Automne
 1921, -9999.9,M, -9999.9,M, -9999.9,M, -9999.9,M,    12.6, ,    15.0, ,    17.0, ,    16.1, ,     9.8, ,     7.4, ,    -2.4, ,    -9.6, , -9999.9,M, -9999.9,M, -9999.9,M,    16.0, ,     4.9, 
 1922,    -9.9, ,   -11.6, ,    -0.8, ,     5.5, ,    10.3, ,    16.2, ,    17.3, ,    16.5, ,    13.3, ,     7.3, ,     0.3, ,    -9.9, ,     4.5, ,   -10.4, ,     5.0, ,    16.7, ,     7.0, 
 1923,    -4.2, ,    -6.0, ,     1.8, ,     7.2, ,    11.4, ,    15.4, ,    18.4, ,    16.9, ,    12.7, ,     7.0, ,     1.2, ,    -3.0, ,     6.6, ,    -6.7, ,     6.8, ,    16.9, ,     7.0, 
 1924,    -8.0, ,     1.5, ,     1.8, ,     6.2, ,    13.7, ,    14.9, ,    17.9, ,    16.8, ,    13.2, ,     6.9, ,    -1.6, ,   -10.0, ,     6.1, ,    -3.2, ,     7.2, ,    16.5, ,     6.2, 
 1925,    -6.2, ,    -0.3, ,     3.1, ,     7.8, ,    13.4, ,    15.9, ,    18.9, ,    16.2, ,    11.7, ,     5.4, ,     0.5, ,     0.3, ,     7.2, ,    -5.5, ,     8.1, ,    17.0, ,     5.9, 
 1926,    -4.2, ,     1.0, ,     4.6, ,     9.6, ,    11.2, ,    15.7, ,    19.3, ,    16.3, ,     9.2, ,     6.9, ,     1.2, ,    -3.8, ,     7.3, ,    -1.0, ,     8.5, ,    17.1, ,     5.8, 
 1927,    -7.7, ,    -4.3, ,     2.0, ,     5.6, ,     9.7, ,    16.1, ,    17.8, ,    17.2, ,    12.2, ,     6.4, ,    -3.5, ,   -10.5, ,     5.1, ,    -5.3, ,     5.8, ,    17.0, ,     5.0, 
 1928,    -5.1, ,    -2.4, ,     3.4, ,     6.3, ,    13.8, ,    15.5, ,    19.2, ,    17.1, ,    13.5, ,     5.0, ,     1.0, ,    -4.7, ,     6.9, ,    -6.0, ,     7.8, ,    17.3, ,     6.5, 
 1929,   -12.2, ,   -10.2, ,     3.7, ,     5.7, ,    11.7, ,    14.7, ,    16.7, ,    17.4, ,    12.1, ,     7.2, ,    -0.5, ,    -4.5, ,     5.2, ,    -9.0, ,     7.0, ,    16.3, ,     6.3, 
 1930,   -17.6, ,    -1.3, ,     2.5, ,     9.5, ,    10.7, ,    14.1, ,    18.2, ,    17.6, ,    13.3, ,     5.4, ,     0.0, ,    -3.3, ,     5.8, ,    -7.8, ,     7.6, ,    16.6, ,     6.2, 
 1931,    -1.3, ,    -2.1, ,     3.0, ,     8.1, ,    12.7, ,    15.1, ,    18.5, ,    17.3, ,    12.1, ,     6.4, ,    -3.5, ,    -5.3, ,     6.8, ,    -2.2, ,     7.9, ,    17.0, ,     5.0, 
 1932,    -7.8, ,    -4.9, ,     0.7, ,     8.1, ,    11.8, ,    16.7, ,    16.3, ,    17.7, ,    12.1, ,     6.2, ,     1.9, ,    -6.0, ,     6.1, ,    -6.0, ,     6.9, ,    16.9, ,     6.7, 
 1933,    -3.5, ,    -7.1, ,     1.1, ,     6.5, ,    10.1, ,    14.3, ,    17.1, ,    18.3, ,    10.7, ,     5.6, ,     3.2, ,    -4.4, ,     6.0, ,    -5.5, ,     5.9, ,    16.6, ,     6.5, 
 1934,    -1.6, ,    -1.0, ,     3.8, ,    11.7, ,    12.6, ,    15.7, ,    17.2, ,    17.0, ,    11.3, ,     6.7, ,     2.9, ,    -4.7, ,     7.6, ,    -2.3, ,     9.4, ,    16.6, ,     7.0, 
 1935,    -8.2, ,    -1.6, ,    -0.1, ,     4.7, ,    10.8, ,    14.4, ,    16.2, ,    14.4, ,    12.7, ,     5.1, ,    -2.0, ,    -1.6, ,     5.4, ,    -4.8, ,     5.1, ,    15.0, ,     5.3, 
 1936,    -5.1, ,   -16.1, ,     0.3, ,     8.1, ,    13.3, ,    14.9, ,    17.9, ,    17.4, ,    10.8, ,     6.9, ,    -1.8, ,    -4.4, ,     5.2, ,    -7.6, ,     7.2, ,    16.7, ,     5.3, 
 1937,   -16.3, ,    -8.5, ,     1.5, ,     6.0, ,    10.9, ,    15.4, ,    18.2, ,    14.4, ,    13.4, ,     7.6, ,    -0.4, ,    -4.8, ,     4.8, ,    -9.7, ,     6.1, ,    16.0, ,     6.9, 
 1938,    -4.4, ,    -5.2, ,     2.2, ,     7.6, ,    11.7, ,    16.8, ,    19.1, ,    15.4, ,    14.6, ,     6.7, ,    -0.5, ,    -4.8, ,     6.6, ,    -4.8, ,     7.2, ,    17.1, ,     6.9, 
 1939,    -2.6, ,    -7.0, ,     0.6, ,     8.5, ,    11.7, ,    12.6, ,    17.3, ,    17.6, ,    12.3, ,     6.1, ,     2.9, ,     1.4, ,     6.8, ,    -4.8, ,     6.9, ,    15.8, ,     7.1, 
 1940,    -4.3, ,    -1.3, ,     4.6, ,     8.2, ,    12.5, ,    15.6, ,    18.0, ,    16.9, ,    14.7, ,     7.6, ,    -4.1, , -9999.9,M, -9999.9,M,    -1.4, ,     8.4, ,    16.8, ,     6.1, 
 1941, -9999.9,M, -9999.9,M,     5.1, ,     8.8, ,    11.9, ,    15.4, ,    19.5, ,    16.5, ,    10.4, ,     7.5, ,     1.8, ,    -2.3, , -9999.9,M, -9999.9,M,     8.6, ,    17.1, ,     6.6, 
 1942,    -6.7, ,    -1.3, ,     2.5, ,     7.5, ,    11.0, ,    14.5, ,    18.3, ,    17.5, ,    12.5, ,     7.0, ,    -0.4, ,    -2.9, ,     6.6, ,    -3.4, ,     7.0, ,    16.8, ,     6.4, 
 1943,   -12.9, ,    -2.1, ,    -1.4, ,     7.8, ,     9.7, ,    13.1, ,    18.5, ,    16.1, ,    12.4, ,     6.4, ,     1.6, ,    -4.6, ,     5.4, ,    -6.0, ,     5.4, ,    15.9, ,     6.8, 
 1944,    -5.5, ,    -4.5, ,    -0.6, ,     7.7, ,    11.5, ,    15.7, ,    18.1, ,    15.6, ,    12.6, ,     8.0, ,     1.4, ,    -5.2, ,     6.2, ,    -4.9, ,     6.2, ,    16.5, ,     7.3, 
 1945,    -4.5, ,    -1.6, ,     2.1, ,     5.1, ,    11.5, ,    14.1, ,    18.0, ,    17.4, ,    10.6, ,     6.2, ,    -1.5, ,    -2.7, ,     6.2, ,    -3.8, ,     6.2, ,    16.5, ,     5.1, 
 1946,    -4.9, ,    -2.6, ,     3.6, ,     7.1, ,    12.7, ,    13.4, ,    16.4, ,    16.3, ,    11.5, ,     4.3, ,    -4.1, ,    -5.1, ,     5.7, ,    -3.4, ,     7.8, ,    15.4, ,     3.9, 
 1947,    -7.6, ,    -2.5, ,     2.8, ,     7.7, ,    12.8, ,    13.6, ,    16.8, ,    16.0, ,    12.6, ,     6.6, ,    -0.1, ,    -2.4, ,     6.4, ,    -5.1, ,     7.8, ,    15.5, ,     6.4, 
 1948,    -4.4, ,    -7.2, ,    -0.5, ,     5.1, ,    12.0, ,    17.4, ,    15.7, ,    14.8, ,    10.5, ,     4.8, ,    -0.1, ,   -10.3, ,     4.8, ,    -4.7, ,     5.5, ,    16.0, ,     5.1, 
 1949,   -13.2, ,    -9.4, ,    -0.2, ,     8.5, ,    12.4, ,    13.2, ,    16.4, ,    15.5, ,    11.7, ,     3.9, ,     2.8, ,    -8.0, ,     4.5, ,   -11.0, ,     6.9, ,    15.0, ,     6.1, 
 1950,   -23.1, ,    -2.5, ,     0.6, ,     5.1, ,     9.8, ,    16.4, ,    18.4, ,    16.8, ,    12.9, ,     5.4, ,    -1.2, ,    -1.6, ,     4.8, ,   -11.2, ,     5.2, ,    17.2, ,     5.7, 
 1951,    -8.4, ,    -6.4, ,    -3.4, ,     5.5, ,    12.4, ,    13.8, ,    18.0, ,    15.7, ,    12.2, ,     5.2, ,    -0.2, ,   -10.1, ,     4.5, ,    -5.5, ,     4.8, ,    15.8, ,     5.7, 
 1952,   -10.8, ,    -3.8, ,    -0.5, ,     7.1, ,    11.2, ,    13.5, ,    16.2, ,    16.5, ,    13.0, ,     7.1, ,    -1.4, ,    -2.4, ,     5.5, ,    -8.2, ,     5.9, ,    15.4, ,     6.2, 
 1953,    -1.5, ,    -1.0, ,     3.3, ,     4.9, ,    11.4, ,    13.5, ,    16.7, ,    16.3, ,    12.4, ,     7.2, ,     3.1, ,    -1.5, ,     7.1, ,    -1.6, ,     6.5, ,    15.5, ,     7.6, 
 1954,   -11.1, ,     0.0, ,    -0.4, ,     3.6, ,    10.7, ,    12.7, ,    15.4, ,    14.7, ,    11.7, ,     4.2, ,     4.1, ,    -2.3, ,     5.3, ,    -4.2, ,     4.6, ,    14.3, ,     6.7, 
 1955,    -5.3, ,    -6.3, ,    -4.5, ,     4.7, ,     9.2, ,    14.5, ,    16.9, ,    15.6, ,    11.8, ,     6.3, ,    -6.5, ,    -9.4, ,     3.9, ,    -4.6, ,     3.1, ,    15.7, ,     3.9, 
 1956,    -6.9, ,    -8.3, ,    -0.1, ,     7.2, ,    12.4, ,    13.4, ,    18.5, ,    17.5, ,    12.3, ,     5.2, ,    -1.4, ,    -4.2, ,     5.5, ,    -8.2, ,     6.5, ,    16.5, ,     5.4, 
 1957,   -16.5, ,    -7.1, ,     2.7, ,     7.1, ,    14.1, ,    15.6, ,    16.1, ,    14.1, ,    13.2, ,     4.7, ,     0.1, ,    -0.3, ,     5.3, ,    -9.3, ,     8.0, ,    15.3, ,     6.0, 
 1958,    -1.2, ,     1.6, ,     2.1, ,     6.7, ,    14.8, ,    18.0, ,    20.2, ,    19.0, ,    11.5, ,     6.4, ,    -1.6, ,    -3.0, ,     7.9, ,     0.0, ,     7.9, ,    19.1, ,     5.4, 
 1959,    -5.2, ,    -5.0, ,     3.6, ,     6.8, ,    10.2, ,    14.4, ,    17.7, ,    15.2, ,    11.1, ,     5.4, ,    -3.2, ,    -1.7, ,     5.8, ,    -4.4, ,     6.9, ,    15.8, ,     4.4, 
 1960,    -8.0, ,    -0.6, ,     1.7, ,     7.2, ,    10.0, ,    15.1, ,    19.8, ,    16.1, ,    10.7, ,     7.4, ,    -0.5, ,    -4.9, ,     6.2, ,    -3.4, ,     6.3, ,    17.0, ,     5.9, 
 1961,    -2.8, ,     1.1, ,     3.4, ,     6.6, ,    12.2, ,    17.7, ,    18.5, ,    18.5, ,     9.7, ,     4.8, ,    -4.2, ,    -5.1, ,     6.7, ,    -2.2, ,     7.4, ,    18.2, ,     3.4, 
 1962,    -5.1, ,    -2.9, ,    -0.2, ,     8.2, ,    10.2, ,    14.5, ,    16.6, ,    15.4, ,    11.4, ,     6.7, ,     2.0, ,     0.1, ,     6.4, ,    -4.4, ,     6.1, ,    15.5, ,     6.7, 
 1963,    -9.7, ,     1.2, ,     2.8, ,     6.9, ,    10.8, ,    15.1, ,    16.0, ,    17.0, ,    14.0, ,     7.5, ,     1.0, ,    -4.3, ,     6.5, ,    -2.8, ,     6.8, ,    16.0, ,     7.5, 
 1964,    -3.0, ,    -0.9, ,     1.1, ,     5.3, ,    10.2, ,    14.3, ,    16.8, ,    14.7, ,    10.0, ,     5.9, ,     0.2, ,    -9.6, ,     5.4, ,    -2.7, ,     5.5, ,    15.3, ,     5.4, 
 1965,    -5.6, ,    -1.9, ,    -0.7, ,     7.1, ,    10.4, ,    15.0, ,    18.8, ,    17.8, ,     9.1, ,     7.4, ,    -0.5, ,    -4.8, ,     6.0, ,    -5.7, ,     5.6, ,    17.2, ,     5.3, 
 1966,    -6.7, ,    -1.7, ,     2.4, ,     6.0, ,    11.5, ,    13.8, ,    16.3, ,    16.1, ,    14.2, ,     6.2, ,    -0.1, ,    -0.6, ,     6.5, ,    -4.4, ,     6.6, ,    15.4, ,     6.8, 
 1967,    -2.3, ,     1.0, ,     0.9, ,     4.6, ,    10.5, ,    17.1, ,    18.1, ,    19.4, ,    15.4, ,     6.5, ,     0.2, ,    -4.7, ,     7.2, ,    -0.6, ,     5.3, ,    18.2, ,     7.4, 
 1968,    -3.9, ,    -0.4, ,     3.6, ,     5.0, ,    10.4, ,    14.1, ,    18.3, ,    15.2, ,    11.3, ,     5.1, ,     0.8, ,    -7.7, ,     6.0, ,    -3.0, ,     6.3, ,    15.9, ,     5.7, 
 1969,   -17.0, ,    -5.0, ,     2.4, ,     7.5, ,    12.2, ,    18.2, ,    16.9, , -9999.9,M,    12.1, ,     5.2, ,     1.5, , -9999.9,M, -9999.9,M,    -9.9, ,     7.4, , -9999.9,M,     6.3, 
 1970,    -8.2, ,    -0.1, ,     2.0, ,     4.9, ,    10.6, ,    17.5, ,    19.7, ,    17.6, ,     9.1, ,     4.1, ,    -2.5, ,    -6.6, ,     5.7, , -9999.9,M,     5.8, ,    18.3, ,     3.6, 
 1971,    -5.9, ,    -1.9, ,    -0.2, ,     6.2, ,    11.8, ,    13.4, ,    17.8, ,    19.1, ,    10.3, ,     4.7, ,     1.2, ,   -12.4, ,     5.3, ,    -4.8, ,     5.9, ,    16.8, ,     5.4, 
 1972,   -11.6, ,    -5.3, ,     1.9, ,     3.9, ,    11.4, ,    14.3, ,    16.4, ,    17.7, ,     9.4, ,     3.3, ,     1.3, ,    -6.2, ,     4.7, ,    -9.8, ,     5.7, ,    16.1, ,     4.7, 
 1973,    -6.5, ,    -4.0, ,     3.3, ,     6.1, ,    11.1, ,    14.1, ,    17.0, ,    16.6, ,    12.6, ,     6.0, ,    -3.6, ,    -0.5, ,     6.0, ,    -5.6, ,     6.8, ,    15.9, ,     5.0, 
 1974,    -5.1, ,     0.9, ,     1.7, ,     7.3, ,     9.0, ,    15.9, ,    16.1, ,    17.4, ,    12.9, ,     6.0, ,     0.8, ,    -1.8, ,     6.8, ,    -1.6, ,     6.0, ,    16.5, ,     6.6, 
 1975,    -7.8, ,   -10.5, ,    -0.8, ,     4.6, ,    10.2, ,    13.8, ,    19.2, ,    15.1, ,    12.6, ,     6.5, ,    -0.5, ,    -3.7, ,     4.9, ,    -6.7, ,     4.7, ,    16.0, ,     6.2, 
 1976,    -3.3, ,    -1.2, ,    -0.2, ,     5.7, ,    10.5, ,    12.4, ,    15.9, ,    15.1, ,    12.8, ,     5.5, ,     0.6, ,    -1.4, ,     6.0, ,    -2.7, ,     5.3, ,    14.5, ,     6.3, 
 1977,    -6.4, ,     0.0, ,     2.0, ,     7.4, ,     9.7, ,    15.6, ,    16.3, ,    17.9, ,    10.5, ,     5.5, ,    -1.7, ,    -8.1, ,     5.7, ,    -2.6, ,     6.4, ,    16.6, ,     4.8, 
 1978,    -7.7, ,    -2.0, ,     2.7, ,     6.3, ,     9.8, ,    15.1, ,    18.5, ,    15.7, ,    11.3, ,     5.9, ,    -3.9, ,    -8.7, ,     5.3, ,    -5.9, ,     6.3, ,    16.4, ,     4.4, 
 1979,   -15.3, ,    -4.1, ,     2.6, ,     5.6, ,    10.5,E,    15.0, ,    18.2, ,    18.3, ,    13.4,E,     7.6, ,    -1.9, ,    -0.6, ,     5.8,E,    -9.4, ,     6.2,E,    17.2, ,     6.4,E
 1980,    -9.3, ,    -0.6, ,     2.0, ,     8.4, ,    12.7, ,    14.1, ,    16.6, ,    14.7, ,    11.9, ,     6.9, ,     1.7, ,    -4.5, ,     6.2, ,    -3.5, ,     7.7, ,    15.1, ,     6.8, 
 1981,    -0.3, ,    -0.5, ,     3.6, ,     6.0, ,    11.4, ,    12.0, ,    17.2, ,    18.9, ,    12.2, ,     5.7, ,     2.5, ,    -3.8, ,     7.1, ,    -1.8, ,     7.0, ,    16.0, ,     6.8, 
 1982,    -7.9, ,    -2.7, ,     1.4, ,     4.4, ,     9.9, ,    17.5, ,    16.6, ,    16.3, ,    12.6, ,     6.2, ,    -3.2, ,    -3.8, ,     5.6, ,    -4.8, ,     5.2, ,    16.8, ,     5.2, 
 1983,    -0.1, ,     1.8, ,     3.5, ,     6.5, ,    12.0, ,    14.8, ,    15.8, ,    17.8, ,    10.0, ,     6.0, ,     2.4, ,   -12.3, ,     6.5, ,    -0.7, ,     7.3, ,    16.1, ,     6.1, 
 1984,    -2.7, ,     0.8, ,     4.5, ,     5.9, ,     8.6, ,    14.5, ,    17.9, ,    16.9, ,     9.8, ,     4.3, ,    -0.3, ,   -10.6, ,     5.8, ,    -4.7, ,     6.3, ,    16.4, ,     4.6, 
 1985,    -5.7, ,    -3.5, ,     1.4, ,     6.6, ,    12.0, ,    14.8, ,    19.7, ,    16.3, ,     9.1, ,     6.4, ,   -10.3, ,    -7.3, ,     5.0, ,    -6.6, ,     6.7, ,    16.9, ,     1.7, 
 1986,    -1.1, ,    -4.7, ,     5.2, ,     5.9, ,    11.6, ,    16.4, ,    15.6, ,    18.3, ,    10.7, ,     6.3, ,    -1.1, ,    -3.9, ,     6.6, ,    -4.4, ,     7.6, ,    16.8, ,     5.3, 
 1987,    -3.2, ,     0.6, ,     4.1, ,     8.8, ,    12.1, ,    16.9, ,    18.2, ,    16.2, ,    14.1, ,     6.5, ,     2.6, ,    -4.0, ,     7.7, ,    -2.2, ,     8.3, ,    17.1, ,     7.7, 
 1988,    -6.3, ,    -1.1, ,     3.3, ,     8.9, ,    11.7, ,    15.1, ,    17.5, ,    16.3, ,    12.2, ,     7.7, ,     1.7, ,    -4.3, ,     6.9, ,    -3.8, ,     8.0, ,    16.3, ,     7.2, 
 1989,    -4.6, ,    -8.7, ,     1.9, ,     7.2, ,    11.7, ,    15.9, ,    17.4, ,    16.3, ,    12.7, ,     6.3, ,     1.5, ,    -2.0, ,     6.3, ,    -5.9, ,     6.9, ,    16.5, ,     6.8, 
 1990,    -2.2, ,    -4.0, ,     3.2, ,     8.2, ,    11.2, ,    14.5, ,    18.2, ,    18.1, ,    13.8, ,     6.1, ,     0.7, ,    -9.3,E,     6.5,E,    -2.7, ,     7.5, ,    16.9, ,     6.9, 
 1991,   -10.2, ,     3.0,E,     1.3, ,     7.2, ,    11.1, ,    13.7, ,    17.6, ,    18.6, ,    13.2, ,     4.5, ,     0.6, ,    -0.6, ,     6.7,E,    -5.5,E,     6.5, ,    16.6, ,     6.1, 
 1992,     0.4, ,     1.6, ,     4.9, ,     7.8, ,    12.5, ,    18.2, ,    17.2, ,    17.2,E,    10.4, ,     6.2, ,    -0.1, ,    -9.6, ,     7.2,E,     0.5, ,     8.4, ,    17.5,E,     5.5, 
 1993,   -12.2, ,    -5.8, ,     1.6, ,     6.6, ,    14.6, ,    15.2, ,    15.7, ,    15.8, ,    12.2, ,     6.7, ,    -2.9, ,    -1.4, ,     5.5, ,    -9.2, ,     7.6, ,    15.6, ,     5.3, 
 1994,     0.0, ,    -3.5, ,     4.3, ,     8.6, ,    12.1, ,    14.6, ,    20.4, ,    17.6, ,    14.3, ,     5.9, ,    -2.2, ,    -3.3, ,     7.4, ,    -1.6, ,     8.3, ,    17.5, ,     6.0, 
 1995,    -4.5, ,    -0.1, ,     1.5, ,     6.5, ,    11.9, ,    15.8, ,    18.8, ,    14.7, ,    14.0, ,     5.6, ,     0.7, ,    -4.3,E,     6.7,E,    -2.6, ,     6.6, ,    16.4, ,     6.8, 
 1996,    -9.6, ,    -4.1, ,     0.4, ,     7.4, ,     8.6, ,    14.2,E,    18.4, ,    17.5, ,    11.3, ,     4.7, ,    -3.4, ,   -11.3, ,     4.5,E,    -6.0,E,     5.5, ,    16.7,E,     4.2, 
 1997,    -4.4, ,    -2.4,E,     1.2,E,     5.6, ,    12.2, ,    14.5, ,    16.7, ,    18.0,E,    13.5, ,     5.7, ,     1.1, ,    -1.0, ,     6.7,E,    -6.0,E,     6.3,E,    16.4,E,     6.8, 
 1998,    -5.4, ,     1.5, ,     3.4,E,     7.3,E,    14.4, ,    16.5, ,    21.9, ,    19.9, ,    15.7, ,     6.2, ,     2.8, , -9999.9,M, -9999.9,M,    -1.6, ,     8.4,E,    19.4, ,     8.2, 
 1999,    -1.1,E,     1.0, ,     2.8, ,     6.7,E,     9.5, ,    14.0,E,    16.2, ,    19.2,E,    11.7, ,     6.0,E,     2.7, ,    -0.6, ,     7.3,E, -9999.9,M,     6.3,E,    16.5,E,     6.8,E
 2000,    -5.4, ,    -1.8, ,     4.0,E,     7.7, ,    10.7, ,    14.1, ,    17.6, ,    16.7, ,    12.3,E,     6.3, ,    -0.9, ,    -7.3, ,     6.2,E,    -2.6, ,     7.5,E,    16.1, ,     5.9,E
 2001,    -2.8, ,    -3.6, ,     3.5, ,     6.1, ,    11.8,E, -9999.9,M, -9999.9,M, -9999.9,M, -9999.9,M,     5.7, ,     4.0, ,    -2.7, , -9999.9,M,    -4.6, ,     7.1,E, -9999.9,M, -9999.9,M
 2002,    -3.1, ,    -1.1, ,    -1.1, ,     6.7, ,     9.7, ,    16.5, ,    19.3, ,    16.7,E,    12.4, ,     4.8, ,     1.2, ,    -0.9, ,     6.8,E,    -2.3, ,     5.1, ,    17.5,E,     6.1, 
 2003,    -1.4, ,    -0.7, ,     2.8, ,     7.2, ,    10.7, ,    16.2, ,    19.6, ,    18.8, ,    13.6, ,     8.1, ,    -3.9, , -9999.9,M, -9999.9,M,    -1.0, ,     6.9, ,    18.2, ,     5.9, 
 2004, -9999.9,M, -9999.9,M, -9999.9,M, -9999.9,M, -9999.9,M,    15.8, ,    19.1, ,    19.1, ,    11.4, ,     6.1, , -9999.9,M, -9999.9,M, -9999.9,M, -9999.9,M, -9999.9,M,    18.0, , -9999.9,M
 2005,    -6.8, ,    -1.6, ,     4.2,E,     7.5, ,    12.4, ,    14.1, ,    17.8, ,    17.2, ,    11.4, ,     7.2, ,     0.5, ,    -6.0, ,     6.5,E, -9999.9,M,     8.0,E,    16.4, ,     6.4, 
 2006,     1.6, ,    -1.9, ,     2.2, ,     7.7, ,    11.7, ,    16.6, ,    20.2, ,    17.8, ,    13.8, ,     6.2, ,    -0.4,E,    -3.6, ,     7.7,E,    -2.1, ,     7.2, ,    18.2, ,     6.5,E
 2007,    -6.1, ,    -0.3, ,     4.1, ,     7.0, ,    12.2, ,    15.0, ,    20.3, ,    16.8, ,    12.3, ,     5.8, ,     0.3, ,    -4.3, ,     6.9, ,    -3.3, ,     7.8, ,    17.4, ,     6.1, 
 2008, -9999.9,M, -9999.9,M, -9999.9,M, -9999.9,M, -9999.9,M, -9999.9,M, -9999.9,M, -9999.9,M, -9999.9,M, -9999.9,M, -9999.9,M, -9999.9,M, -9999.9,M, -9999.9,M, -9999.9,M, -9999.9,M, -9999.9,M
 2009,    -5.6, ,    -6.5, ,     0.5, ,     5.9, ,    11.7, ,    15.9, ,    20.3, ,    19.3, ,    14.8, ,     4.6, ,     2.4, ,    -8.0, ,     6.3, , -9999.9,M,     6.0, ,    18.5, ,     7.3, 
 2010,    -0.4, ,     1.8, ,     4.2, ,     6.9, ,    10.2, ,    14.6, ,    17.9, ,    17.6, ,    12.3, ,     7.0, ,    -2.0, ,    -3.6, ,     7.2, ,    -2.2, ,     7.1, ,    16.7, ,     5.8, 
 2011,    -3.0, ,    -5.9, ,     3.1, ,     5.1, , -9999.9,M, -9999.9,M, -9999.9,M, -9999.9,M, -9999.9,M,     6.4, ,     0.0, ,    -3.4, , -9999.9,M,    -4.2, , -9999.9,M, -9999.9,M, -9999.9,M
 2012,    -4.8, ,    -2.1, , -9999.9,M,     6.5, ,    10.9, , -9999.9,M,    19.5, ,    18.9, ,    14.1, ,     6.9, ,     2.6, ,    -3.8, , -9999.9,M,    -3.4, , -9999.9,M, -9999.9,M,     7.9, 
 2013,    -6.2, ,    -0.4, ,     3.8, ,     6.9, ,    12.9, , -9999.9,M, -9999.9,M, -9999.9,M, -9999.9,M, -9999.9,M, -9999.9,M, -9999.9,M, -9999.9,M,    -3.5, ,     7.9, , -9999.9,M, -9999.9,M
