1145442,NELSON              ,BC  , station not joined, Monthly mean of homogenized daily mean temperature                     , Deg Celcius,          Updated to December 2019
1145442,NELSON              ,BC  , station non jointe, Moyenne mensuelle des temperatures quotidiennes moyennes homogeneisees , Deg Celsius, Mise a jour jusqu a decembre 2019
 Year,     Jan, ,     Feb, ,     Mar, ,     Apr, ,     May, ,     Jun, ,     Jul, ,     Aug, ,     Sep, ,     Oct, ,     Nov, ,     Dec, ,  Annual, ,  Winter, ,  Spring, ,  Summer, ,  Autumn
Annee,    Janv, ,     Fev, ,    Mars, ,     Avr, ,     Mai, ,    Juin, ,    Juil, ,    Aout, ,    Sept, ,     Oct, ,     Nov, ,     Dec, ,  Annuel, ,   Hiver, ,Printemp, ,     Ete, , Automne
 1904,    -2.1, ,    -0.8, ,     0.2, ,     9.0, ,    11.9, ,    15.1, ,    18.9, ,    17.9, ,    13.3, ,     8.0, ,     5.1, ,    -0.4, ,     8.0, , -9999.9,M,     7.0, ,    17.3, ,     8.8, 
 1905,    -2.1, ,    -3.8, ,     4.6, ,     8.2, ,    12.0, ,    16.3, ,    19.2, ,    18.7, ,    13.7, ,     5.4, ,     2.4, ,     0.0, ,     7.9, ,    -2.1, ,     8.3, ,    18.1, ,     7.2, 
 1906,    -1.2, ,     0.8, ,     1.9, ,    10.3, ,    12.8, ,    15.0, ,    21.8, ,    18.3, ,    13.7, ,     9.3, ,     1.3, ,     0.2, ,     8.7, ,    -0.1, ,     8.3, ,    18.4, ,     8.1, 
 1907,    -7.9, ,    -0.4, ,     2.6, ,     6.3, ,    12.2, , -9999.9,M,    18.6, ,    16.1, ,    13.6, ,     9.3, ,     3.7, ,     0.3, , -9999.9,M,    -2.7, ,     7.0, , -9999.9,M,     8.9, 
 1908,    -2.0, ,    -0.9, ,     2.8, ,     8.3, ,    11.8, ,    15.2, ,    19.0, ,    18.0, ,    13.9, ,     8.1, ,     5.1, ,    -2.0, ,     8.1, ,    -0.9, ,     7.6, ,    17.4, ,     9.0, 
 1909,    -7.3, , -9999.9,M,     3.9, ,     6.5, ,    11.9, ,    15.6, ,    17.0, ,    17.0, ,    13.7, ,     7.6, ,     2.6, ,    -4.4, , -9999.9,M, -9999.9,M,     7.4, ,    16.5, ,     8.0, 
 1910,    -2.4, ,    -3.6, ,     5.4, ,     9.8, ,    11.9, ,    14.8, ,    18.8, ,    15.7, ,    14.4, ,     7.8, ,     3.6, ,    -1.9, ,     7.9, ,    -3.5, ,     9.0, ,    16.4, ,     8.6, 
 1911,    -8.9, ,    -3.2, ,     4.0, ,     7.1, ,    10.5, ,    15.8, ,    19.1, ,    17.6, ,    12.4, ,     7.3, ,    -0.8, ,    -2.4, ,     6.5, ,    -4.7, ,     7.2, ,    17.5, ,     6.3, 
 1912,    -5.1, ,     0.1, ,     1.8, ,     8.9, ,    14.2, ,    18.1, ,    16.7, ,    16.2, ,    11.6, ,     5.9, ,     2.4, ,    -1.0, ,     7.5, ,    -2.5, ,     8.3, ,    17.0, ,     6.6, 
 1913,    -6.2, ,    -4.9, ,     0.5, ,     7.9, ,    12.4, ,    16.0, ,    18.1, ,    18.0, ,    12.7, ,     5.9, ,     1.6, ,    -1.3, ,     6.7, ,    -4.0, ,     6.9, ,    17.4, ,     6.7, 
 1914,    -0.2, ,    -2.1, ,     4.0, ,     9.2, ,    12.9, ,    14.8, ,    20.4, ,    19.5, ,    11.8, ,     7.8, ,     3.2, ,    -4.7, ,     8.1, ,    -1.2, ,     8.7, ,    18.2, ,     7.6, 
 1915,    -3.9, ,     1.4, ,     5.1, ,    10.2, ,    12.1, ,    17.6, ,    18.6, ,    21.4, ,    12.3, ,     7.4, ,     0.1, ,    -2.5, ,     8.3, ,    -2.4, ,     9.1, ,    19.2, ,     6.6, 
 1916,   -10.2, ,    -2.8, ,     2.3, ,     7.7, ,    10.2, ,    14.9, ,    17.9, ,    18.4, ,    12.8, ,     6.7, ,    -0.5, ,    -6.6, ,     5.9, ,    -5.2, ,     6.7, ,    17.1, ,     6.3, 
 1917,    -4.9, ,    -2.5, ,    -0.6, ,     5.8, ,    11.6, ,    13.4, ,    20.8, ,    19.2, ,    14.1, ,     8.1, ,     4.8, ,    -2.1, ,     7.3, ,    -4.7, ,     5.6, ,    17.8, ,     9.0, 
 1918,    -2.5, ,    -3.3, ,     2.8, ,     8.2, ,    11.1, ,    16.6, ,    18.8, ,    16.3, ,    15.1, ,     8.6, ,     2.1, ,    -1.6, ,     7.7, ,    -2.6, ,     7.4, ,    17.2, ,     8.6, 
 1919,    -0.7, ,    -1.8, ,     2.2, ,     8.7, ,    11.7, ,    15.3, ,    19.1, ,    16.8, ,    12.3, ,     5.2, ,     0.3, ,    -4.6, ,     7.0, ,    -1.4, ,     7.5, ,    17.1, ,     5.9, 
 1920,    -4.2, ,    -0.9, ,     2.0, ,     6.2, ,    10.1, ,    14.2, ,    20.9, ,    17.5, ,    12.0, ,     6.0, ,     1.9, ,    -1.1, ,     7.1, ,    -3.2, ,     6.1, ,    17.5, ,     6.6, 
 1921,    -2.5, ,    -0.8, ,     2.2, ,     6.8, ,    13.0, ,    16.1, , -9999.9,M,    19.2, ,    10.3, ,     8.3, ,     0.2, ,    -4.6, , -9999.9,M,    -1.5, ,     7.3, , -9999.9,M,     6.3, 
 1922,    -6.0, ,    -5.5, ,     0.5, ,     5.9, ,    10.8, ,    17.6, ,    19.1, ,    19.0, ,    14.4, ,     9.1, ,     1.1, ,    -5.6, ,     6.7, ,    -5.4, ,     5.7, ,    18.6, ,     8.2, 
 1923,    -1.9, ,    -4.8, ,     1.8, ,     7.9, ,    11.1, ,    15.1, ,    19.0, ,    18.3, ,    14.9, ,     8.2, ,     2.1, ,    -1.7, ,     7.5, ,    -4.1, ,     6.9, ,    17.5, ,     8.4, 
 1924,    -6.0, ,     1.9, ,     2.9, ,     6.7, ,    13.8, ,    14.4, ,    19.3, ,    17.1, ,    13.5, ,     7.0, ,     0.0, ,    -6.7, ,     7.0, ,    -1.9, ,     7.8, ,    16.9, ,     6.8, 
 1925,    -3.3, ,     1.6, ,     2.7, ,     8.6, ,    12.6, ,    15.6, ,    20.0, ,    16.9, ,    13.4, ,     6.0, ,     1.2, ,     1.0, ,     8.0, ,    -2.8, ,     8.0, ,    17.5, ,     6.9, 
 1926,    -3.0, ,     1.4, ,     5.1, ,     9.6, ,    11.7, ,    16.2, ,    20.8, ,    16.7, ,    10.1, ,     8.0, ,     2.4, ,    -3.1, ,     8.0, ,    -0.2, ,     8.8, ,    17.9, ,     6.8, 
 1927,    -4.4, ,    -1.5, ,     1.6, ,     6.1, ,     9.6, ,    15.3, ,    18.4, ,    17.9, ,    12.2, ,     7.3, ,     0.5, ,    -6.9, ,     6.3, ,    -3.0, ,     5.8, ,    17.2, ,     6.7, 
 1928,    -3.1, ,    -1.2, ,     3.5, ,     6.1, ,    13.3, ,    14.7, ,    19.7, ,    17.8, ,    14.1, ,     5.7, ,     1.7, ,    -2.9, ,     7.5, ,    -3.7, ,     7.6, ,    17.4, ,     7.2, 
 1929,    -9.3, ,    -6.5, ,     3.7, ,     5.8, ,    11.8, ,    14.3, ,    18.6, ,    19.3, ,    11.9, ,     7.3, ,    -0.4, ,    -1.4, ,     6.3, ,    -6.2, ,     7.1, ,    17.4, ,     6.3, 
 1930,   -11.4, ,    -0.5, ,     1.9, ,     9.9, ,    10.6, ,    14.1, ,    18.6, ,    19.5, ,    14.3, ,     5.7, ,     0.2, ,    -1.7, ,     6.8, ,    -4.4, ,     7.5, ,    17.4, ,     6.7, 
 1931,    -0.7, ,    -0.9, ,     3.4, ,     7.8, ,    12.9, ,    13.9, ,    19.2, ,    19.0, ,    12.1, ,     6.9, ,    -0.7, ,    -2.6, ,     7.5, ,    -1.1, ,     8.0, ,    17.4, ,     6.1, 
 1932,    -5.1, ,    -3.6, ,     1.4, ,     7.7, ,    11.8, ,    16.8, ,    17.8, ,    18.0, ,    13.3, ,     7.4, ,     2.5, ,    -4.6, ,     7.0, ,    -3.8, ,     7.0, ,    17.5, ,     7.7, 
 1933,    -2.3, ,    -5.9, ,     1.7, ,     7.3, ,    10.6, ,    14.9, ,    18.9, ,    18.9, ,    10.7, ,     7.1, ,     3.3, ,    -0.6, ,     7.1, ,    -4.3, ,     6.5, ,    17.6, ,     7.0, 
 1934,    -0.1, ,    -0.3, ,     4.3, ,    11.3, ,    13.3, ,    15.9, ,    19.0, ,    18.7, ,    11.5, ,     8.4, ,     4.2, ,    -1.4, ,     8.7, ,    -0.3, ,     9.6, ,    17.9, ,     8.0, 
 1935,    -4.3, ,    -0.7, ,     0.5, ,     5.6, ,    11.6, ,    14.3, ,    17.6, ,    16.9, ,    15.0, ,     6.9, ,    -0.2, ,    -0.2, ,     6.9, ,    -2.1, ,     5.9, ,    16.3, ,     7.2, 
 1936,    -2.0, ,    -9.9, ,     0.8, ,     8.4, ,    14.6, ,    16.5, , -9999.9,M, -9999.9,M,    13.0, ,     8.5, ,     0.1, ,    -1.5, , -9999.9,M,    -4.0, ,     7.9, , -9999.9,M,     7.2, 
 1937,   -12.4, ,    -4.7, ,     2.9, ,     6.7, ,    12.5, ,    15.1, ,    19.6, ,    16.2, ,    14.1, ,     8.9, ,     2.5, ,    -0.8, ,     6.7, ,    -6.2, ,     7.4, ,    17.0, ,     8.5, 
 1938,    -2.6, ,    -0.9, ,     3.3, ,     8.5, ,    12.2, ,    17.9, ,    21.4, ,    17.6, ,    17.1, ,     8.7, ,     0.5, ,    -2.0, ,     8.5, ,    -1.4, ,     8.0, ,    19.0, ,     8.8, 
 1939,    -0.7, ,    -3.5, ,     3.3, ,     9.5, ,    12.9, ,    13.7, ,    20.0, ,    20.0, ,    14.0, ,     7.7, ,     3.8, ,     1.3, ,     8.5, ,    -2.1, ,     8.6, ,    17.9, ,     8.5, 
 1940,    -2.5, ,     0.7, ,     5.4, ,     9.1, ,    13.9, ,    18.1, ,    20.4, ,    19.3, ,    16.4, ,     9.7, ,     0.2, ,     0.0, ,     9.2, ,    -0.2, ,     9.5, ,    19.3, ,     8.8, 
 1941,    -0.2, ,     0.8, ,     6.5, ,    10.8, ,    12.6, ,    16.4, ,    21.5, ,    18.1, ,    11.2, ,     7.4, ,     3.4, ,    -0.3, ,     9.0, ,     0.2, ,    10.0, ,    18.7, ,     7.3, 
 1942,    -3.8, ,    -0.8, ,     3.6, ,     9.8, ,    11.4, ,    14.4, ,    20.2, ,    20.4, ,    16.2, ,     9.6, ,     1.5, ,    -0.1, ,     8.5, ,    -1.6, ,     8.3, ,    18.3, ,     9.1, 
 1943,    -7.4, ,     0.6, ,     1.0, ,     9.8, ,    11.9, ,    15.0, ,    20.1, ,    19.7, ,    16.2, ,     9.4, ,     3.9, ,    -0.8, ,     8.3, ,    -2.3, ,     7.6, ,    18.3, ,     9.8, 
 1944,    -1.7, ,     0.0, ,     2.7, ,     9.9, ,    14.0, ,    17.2, ,    21.4, ,    19.2, ,    15.7, ,    10.2, ,     3.5, ,    -1.6, ,     9.2, ,    -0.8, ,     8.9, ,    19.3, ,     9.8, 
 1945,    -0.9, ,     0.0, ,     2.9, ,     6.3, ,    13.4, ,    16.2, ,    21.5, ,    21.2, ,    13.4, ,     8.5, ,     1.6, ,    -1.2, ,     8.6, ,    -0.8, ,     7.5, ,    19.6, ,     7.8, 
 1946,    -1.3, ,     0.2, ,     4.6, ,     8.4, ,    14.7, ,    15.5, ,    20.5, ,    20.1, ,    14.2, ,     6.9, ,     0.7, ,    -1.9, ,     8.6, ,    -0.8, ,     9.2, ,    18.7, ,     7.3, 
 1947,    -3.7, ,     0.5, ,     5.2, ,     9.5, ,    14.4, ,    15.6, ,    20.2, ,    18.8, ,    14.8, ,     9.1, ,     1.7, ,     0.2, ,     8.9, ,    -1.7, ,     9.7, ,    18.2, ,     8.5, 
 1948,    -2.9, ,    -2.5, ,     2.0, ,     7.4, ,    12.9, ,    18.3, ,    18.4, ,    17.5, ,    14.3, ,     7.4, ,     1.6, ,    -5.0, ,     7.5, ,    -1.7, ,     7.4, ,    18.1, ,     7.8, 
 1949,    -9.4, ,    -3.8, ,     2.1, ,    10.2, ,    14.7, ,    16.3, ,    19.7, ,    18.9, ,    15.2, ,     6.7, ,     5.2, ,    -2.1, ,     7.8, ,    -6.1, ,     9.0, ,    18.3, ,     9.0, 
 1950,   -12.2, ,    -1.3, ,     1.8, ,     6.8, ,    11.8, ,    16.6, ,    20.0, ,    19.2, ,    15.9, ,     7.3, ,     1.4, ,     0.7, ,     7.3, ,    -5.2, ,     6.8, ,    18.6, ,     8.2, 
 1951,    -3.3, ,    -1.9, ,     0.2, ,     8.1, ,    12.9, ,    15.8, ,    20.8, ,    19.6, ,    14.9, ,     8.1, ,     2.6, ,    -4.3, ,     7.8, ,    -1.5, ,     7.1, ,    18.7, ,     8.5, 
 1952,    -3.7, ,     0.0, ,     3.2, ,     9.0, ,    13.6, ,    16.6, ,    20.3, ,    21.1, ,    16.4, ,    11.2, ,     1.8, ,     0.9, ,     9.2, ,    -2.7, ,     8.6, ,    19.3, ,     9.8, 
 1953,     2.5, ,     1.6, ,     3.8, ,     7.4, ,    13.0, ,    15.2, ,    20.2, ,    18.8, ,    14.2, ,     9.3, ,     5.0, ,     0.5, ,     9.3, ,     1.7, ,     8.1, ,    18.1, ,     9.5, 
 1954,    -4.3, ,     2.2, ,     2.0, ,     6.7, ,    12.8, ,    14.8, ,    18.8, ,    16.8, ,    14.1, ,     7.3, ,     5.3, ,    -0.5, ,     8.0, ,    -0.5, ,     7.2, ,    16.8, ,     8.9, 
 1955,    -1.2, ,    -2.6, ,    -1.0, ,     5.4, ,    10.5, ,    15.9, ,    18.1, ,    17.7, ,    14.5, ,     8.3, ,    -2.8, ,    -3.3, ,     6.6, ,    -1.4, ,     5.0, ,    17.2, ,     6.7, 
 1956,    -1.6, ,    -4.2, ,     1.4, ,     8.0, ,    13.5, ,    14.8, ,    19.9, ,    19.6, ,    14.6, ,     7.2, ,     0.7, ,    -0.6, ,     7.8, ,    -3.0, ,     7.6, ,    18.1, ,     7.5, 
 1957,    -8.0, ,    -3.2, ,     2.3, ,     8.2, ,    15.1, ,    16.8, ,    18.4, ,    16.6, ,    15.5, ,     6.9, ,     2.4, ,     0.6, ,     7.6, ,    -3.9, ,     8.5, ,    17.3, ,     8.3, 
 1958,     0.2, ,     3.0, ,     3.6, ,     7.6, ,    16.2, ,    18.3, ,    21.7, ,    22.7, ,    13.5, , -9999.9,M,     1.3, ,    -1.0, , -9999.9,M,     1.3, ,     9.1, ,    20.9, , -9999.9,M
 1959,    -2.6, ,    -2.1, ,     3.2, ,     7.9, ,    11.0, ,    15.8, ,    20.2, ,    16.6, ,    12.0, ,     7.3, ,    -1.0, ,    -1.4, ,     7.2, ,    -1.9, ,     7.4, ,    17.5, ,     6.1, 
 1960,    -4.2, ,    -0.4, , -9999.9,M, -9999.9,M, -9999.9,M, -9999.9,M,    22.9, ,    17.5, ,    13.7, ,     8.5, ,     1.5, ,    -1.7, , -9999.9,M,    -2.0, , -9999.9,M, -9999.9,M,     7.9, 
 1961,    -0.8, ,     2.1, ,     3.7, , -9999.9,M,    12.3, ,    19.5, ,    20.4, , -9999.9,M,    13.1, ,     6.8, ,    -0.2, ,    -2.5, , -9999.9,M,    -0.1, , -9999.9,M, -9999.9,M,     6.6, 
 1962,    -3.1, ,    -0.9, ,     1.9, ,     9.0, ,    10.9, ,    15.9, , -9999.9,M,    17.1, ,    14.3, ,     9.5, ,     4.1, ,     0.2, , -9999.9,M,    -2.2, ,     7.3, , -9999.9,M,     9.3, 
 1963,    -6.2, ,     1.8, ,     4.8, ,     7.9, ,    13.0, ,    16.5, ,    17.8, , -9999.9,M,    15.1, ,    10.3, ,     2.9, ,    -1.5, , -9999.9,M,    -1.4, ,     8.6, , -9999.9,M,     9.4, 
 1964,    -0.9, ,    -0.2, ,     1.0, ,     6.9, , -9999.9,M,    15.9, ,    18.6, ,    16.8, ,    12.4, ,     8.0, ,     2.0, ,    -4.2, , -9999.9,M,    -0.9, , -9999.9,M,    17.1, ,     7.5, 
 1965,    -1.3, ,    -0.7, ,     1.4, ,     9.1, ,    11.8, ,    16.6, ,    21.0, ,    19.9, ,    11.8, ,     9.5, ,     3.1, ,    -0.3, ,     8.5, ,    -2.1, ,     7.4, ,    19.2, ,     8.1, 
 1966,    -2.2, ,     0.9, ,     2.1, ,     7.2, ,    13.6, ,    15.4, ,    18.8, ,    18.7, ,    17.2, ,     8.4, ,     2.9, ,     0.9, ,     8.7, ,    -0.5, ,     7.6, ,    17.6, ,     9.5, 
 1967,     0.3, ,     1.5, ,     2.4, ,     7.2, ,    12.0, ,    17.8, ,    21.1, ,    22.1, ,    18.0, ,     8.4, ,     2.8, ,    -1.5, ,     9.3, ,     0.9, ,     7.2, ,    20.3, ,     9.7, 
 1968,    -1.8, ,     2.4, ,     5.3, ,     7.1, ,    11.9, ,    15.4, ,    20.4, ,    17.5, ,    14.3, ,     7.2, ,     3.5, ,    -3.7, ,     8.3, ,    -0.3, ,     8.1, ,    17.8, ,     8.3, 
 1969,    -6.9, ,    -0.8, ,     3.7, ,     8.5, ,    14.0, ,    17.2, ,    19.4, ,    19.4, ,    14.7, ,     7.8, ,     4.4, ,     0.0, ,     8.5, ,    -3.8, ,     8.7, ,    18.7, ,     9.0, 
 1970,    -2.7, ,     1.7, ,     3.2, ,     6.6, ,    13.3, ,    18.7, ,    21.2, ,    21.3, ,    12.6, ,     6.8, ,     2.2, ,    -2.1, ,     8.6, ,    -0.3, ,     7.7, ,    20.4, ,     7.2, 
 1971,    -2.0, ,     1.0, ,     1.6, ,     8.3, ,    13.5, ,    14.6, ,    19.4, ,    22.0, ,    13.0, ,     7.5, ,     2.6, ,    -3.9, ,     8.1, ,    -1.0, ,     7.8, ,    18.7, ,     7.7, 
 1972,    -5.1, ,    -0.1, ,     4.4, ,     6.7, ,    13.2, ,    16.0, ,    18.0, ,    20.6, ,    12.1, ,     7.1, ,     3.0, ,    -3.3, ,     7.7, ,    -3.0, ,     8.1, ,    18.2, ,     7.4, 
 1973,    -2.8, ,     0.8, ,     5.6, ,     8.5, ,    13.2, ,    15.7, ,    20.7, ,    20.6,E,    15.4, ,     8.2, ,     0.7, ,     0.5, ,     8.9,E,    -1.8, ,     9.1, ,    19.0,E,     8.1, 
 1974,    -2.8, ,     1.8, ,     3.2, ,     8.9, ,    11.2, ,    18.5, ,    18.9, ,    18.9, ,    14.6, ,     9.1, ,     3.2, ,     0.5, ,     8.8, ,    -0.2, ,     7.8, ,    18.8, ,     9.0, 
 1975,    -3.4, ,    -2.6, ,     1.6, ,     7.1, ,    12.6, ,    15.4, ,    21.6, ,    16.6, ,    15.0, ,     7.4, ,     1.4, ,    -0.5, ,     7.7, ,    -1.8, ,     7.1, ,    17.9, ,     7.9, 
 1976,    -0.3, ,     0.2, ,     1.7, ,     8.1, ,    12.5, , -9999.9,M,    17.9, ,    16.8, ,    15.5, ,     7.8, ,     2.7, ,    -0.3, , -9999.9,M,    -0.2, ,     7.4, , -9999.9,M,     8.7, 
 1977,    -3.9, ,     1.8, ,     3.5, ,     8.6, ,    11.1, ,    16.5, ,    17.8, ,    20.2, ,    12.2, ,     7.2, ,     0.2, ,    -3.7, ,     7.6, ,    -0.8, ,     7.7, ,    18.2, ,     6.5, 
 1978,    -3.1, ,    -2.0, ,     3.3, ,     8.2, ,    11.0, ,    15.4, ,    19.5, ,    17.8, ,    12.6, ,     6.3, ,    -2.8, ,    -5.8,E,     6.7,E,    -2.9, ,     7.5, ,    17.6, ,     5.4, 
 1979,    -8.9, ,    -1.6, ,     3.3, ,     7.8, ,    12.5,E,    17.2, ,    19.7, ,    21.0, ,    15.1, ,    11.1, ,     1.9, ,     1.1, ,     8.4,E,    -5.4,E,     7.9,E,    19.3, ,     9.4, 
 1980,    -2.7, ,    -0.2, ,     2.7, ,    10.2, ,    12.7, ,    13.5, ,    18.9, ,    17.1, ,    13.2, ,     8.8, ,     3.1, ,    -0.3, ,     8.1, ,    -0.6, ,     8.5, ,    16.5, ,     8.4, 
 1981,     0.7, ,     0.4, ,     5.3, ,     7.4, ,    12.8, ,    13.5, ,    16.9, ,    19.9, ,    13.4, ,     6.3, ,     4.6, ,    -2.3, ,     8.2, ,     0.3, ,     8.5, ,    16.8, ,     8.1, 
 1982,    -3.1, ,    -1.8, ,     2.8, ,     7.2, ,    12.3, ,    16.9, ,    16.7, ,    19.6, ,    14.3, ,     8.0, ,     0.3, ,    -2.3, ,     7.6, ,    -2.4, ,     7.4, ,    17.7, ,     7.5, 
 1983,     0.5, ,     1.6, ,     4.7, ,     8.6, ,    13.2, ,    15.4, , -9999.9,M,    19.6, , -9999.9,M,     8.2, ,     2.6, , -9999.9,M, -9999.9,M,    -0.1, ,     8.8, , -9999.9,M, -9999.9,M
 1984, -9999.9,M, -9999.9,M, -9999.9,M, -9999.9,M, -9999.9,M, -9999.9,M, -9999.9,M, -9999.9,M, -9999.9,M, -9999.9,M, -9999.9,M, -9999.9,M, -9999.9,M, -9999.9,M, -9999.9,M, -9999.9,M, -9999.9,M
 1985, -9999.9,M, -9999.9,M, -9999.9,M, -9999.9,M, -9999.9,M, -9999.9,M, -9999.9,M, -9999.9,M, -9999.9,M, -9999.9,M, -9999.9,M, -9999.9,M, -9999.9,M, -9999.9,M, -9999.9,M, -9999.9,M, -9999.9,M
 1986, -9999.9,M, -9999.9,M, -9999.9,M, -9999.9,M, -9999.9,M, -9999.9,M, -9999.9,M, -9999.9,M, -9999.9,M, -9999.9,M, -9999.9,M, -9999.9,M, -9999.9,M, -9999.9,M, -9999.9,M, -9999.9,M, -9999.9,M
 1987, -9999.9,M, -9999.9,M, -9999.9,M, -9999.9,M, -9999.9,M, -9999.9,M, -9999.9,M, -9999.9,M, -9999.9,M, -9999.9,M, -9999.9,M, -9999.9,M, -9999.9,M, -9999.9,M, -9999.9,M, -9999.9,M, -9999.9,M
 1988, -9999.9,M, -9999.9,M, -9999.9,M, -9999.9,M, -9999.9,M, -9999.9,M, -9999.9,M, -9999.9,M,    14.6, ,    10.6, ,     3.8, ,    -0.4, , -9999.9,M, -9999.9,M, -9999.9,M, -9999.9,M,     9.7, 
 1989,    -0.7, ,    -4.1, ,     2.7,E,     8.9, ,    11.8, ,    16.5, ,    19.7,E,    17.5, ,    14.5, ,     8.1, ,     3.2, ,     0.9, ,     8.3,E,    -1.7, ,     7.8,E,    17.9,E,     8.6, 
 1990,     0.4, ,    -0.8, ,     4.5, ,     9.7, ,    11.3, ,    14.5, ,    19.2,E,    19.4, ,    16.8, ,     7.3, ,     3.3, ,    -5.2, ,     8.4,E,     0.2, ,     8.5, ,    17.7,E,     9.1, 
 1991,    -3.9, ,     3.1, ,     2.7, ,     8.2, ,    12.0, ,    14.3, ,    18.8, ,    19.3, , -9999.9,M,     8.6, ,     2.2, , -9999.9,M, -9999.9,M,    -2.0, ,     7.6, ,    17.5, , -9999.9,M
 1992,     0.7,E,     3.0,E, -9999.9,M,     9.2, ,    13.4, ,    18.7, ,    18.3,E,    18.8,E,    12.7, ,     9.3, ,     3.0, ,    -3.1, , -9999.9,M, -9999.9,M, -9999.9,M,    18.6,E,     8.3, 
 1993,    -3.8, ,    -1.4, ,     3.6, ,     8.5, ,    15.2, ,    15.6,E,    15.9,E,    17.4,E,    14.0,E,     9.8, ,     0.4, , -9999.9,M, -9999.9,M,    -2.8, ,     9.1, ,    16.3,E,     8.1,E
 1994,     2.2,E,    -1.1, ,     4.7, ,     9.8, ,    13.2,E,    15.3,E, -9999.9,M,    20.9,E,    16.5, ,     9.0, ,     1.0, ,    -0.9, , -9999.9,M, -9999.9,M,     9.2,E, -9999.9,M,     8.8, 
 1995,    -0.7, ,     1.8, ,     3.9, ,     8.3, ,    14.1, ,    16.4, ,    19.2, , -9999.9,M,    15.9, ,     7.4,E,     3.8, ,    -0.4, , -9999.9,M,     0.1, ,     8.8, , -9999.9,M,     9.0,E
 1996,    -3.3,E,    -0.8, ,     2.9, ,     8.2, ,    10.2, ,    15.5, ,    19.7, ,    18.6, ,    13.4,E,     7.7, ,     1.6, ,    -3.1, ,     7.6,E,    -1.5,E,     7.1, ,    17.9, ,     7.6,E
 1997,    -1.2, ,     1.0, ,     3.1, ,     6.9, ,    12.4, ,    15.5, ,    18.4, , -9999.9,M,    15.1,E,     8.4, ,     4.5, ,     0.8, , -9999.9,M,    -1.1, ,     7.5, , -9999.9,M,     9.3,E
 1998,    -0.5, ,     3.2, ,     5.2, ,     9.6, ,    14.5, ,    16.3, ,    21.7,E, -9999.9,M,    17.9, ,     8.6, ,     4.8, ,    -1.1, , -9999.9,M,     1.2, ,     9.8, , -9999.9,M,    10.4, 
 1999,     1.0, ,     1.3, ,     4.2, ,     8.3, ,    11.1, ,    14.6, ,    17.8, , -9999.9,M,    13.3,E,     8.1, ,     5.0, ,     0.8, , -9999.9,M,     0.4, ,     7.9, , -9999.9,M,     8.8,E
 2000,    -0.9, ,     1.4, ,     4.7, , -9999.9,M,    11.7,E,    15.4, , -9999.9,M,    19.1,E,    13.3, ,     8.4, ,     1.2, ,    -1.8, , -9999.9,M,     0.4, , -9999.9,M, -9999.9,M,     7.6, 
 2001,    -0.1, ,    -0.3, ,     4.7, ,     7.9, ,    13.1, ,    14.3, ,    19.1, ,    20.4, ,    15.8, ,     7.5, ,     4.7, ,    -0.7, ,     8.9, ,    -0.7, ,     8.6, ,    17.9, ,     9.3, 
 2002,    -0.3, ,     0.8, ,     1.6, ,     8.2, ,    10.8, ,    16.1, ,    19.4, , -9999.9,M,    14.2, ,     6.5,E,     3.9, ,     1.6, , -9999.9,M,    -0.1, ,     6.9, , -9999.9,M,     8.2,E
 2003,     0.9, ,     1.4, ,     4.2, ,     8.5, ,    12.0, ,    17.2, ,    21.9, ,    21.0,E,    15.5, ,     9.5, ,     0.6, ,    -0.8, ,     9.3,E,     1.3, ,     8.2, ,    20.0,E,     8.5, 
 2004,    -1.4, ,     1.3,E,     5.5, , -9999.9,M,    12.7, ,    16.4, ,    19.8, ,    19.8, ,    13.7,E,     8.9, ,     2.9, ,     1.1, , -9999.9,M,    -0.3,E, -9999.9,M,    18.7, ,     8.5,E
 2005,    -2.4, ,     0.7, ,     5.0, ,     9.1, ,    13.9, ,    15.0, ,    19.2, ,    18.9, ,    13.4, ,     8.6, ,     3.0, ,    -1.5, ,     8.6, ,    -0.2, ,     9.3, ,    17.7, ,     8.3, 
 2006,     1.9, ,     0.0, ,     4.4, ,     9.1, ,    13.1, ,    17.1, ,    21.5,E, -9999.9,M,    15.7, ,     9.2, ,     2.1, ,    -0.6, , -9999.9,M,     0.1, ,     8.9, , -9999.9,M,     9.0, 
 2007,    -2.2, ,     1.6, ,     5.9, ,     8.4, ,    13.2, ,    16.1, ,    23.1, ,    19.7, ,    14.7, ,     8.0, ,     2.2, ,    -1.2, ,     9.1, ,    -0.4, ,     9.2, ,    19.6, ,     8.3, 
 2008,    -2.2, ,     1.3, ,     3.3, ,     6.6, ,    13.5, ,    15.3, ,    19.7, ,    18.6, ,    12.9, , -9999.9,M,     4.4, ,    -3.5, , -9999.9,M,    -0.7, ,     7.8, ,    17.9, , -9999.9,M
 2009,    -1.4, ,     0.9, ,     2.1, ,     7.7, ,    12.7, ,    16.0, ,    19.5, , -9999.9,M,    16.1, ,     6.1, ,     3.4, ,    -3.6, , -9999.9,M,    -1.3, ,     7.5, , -9999.9,M,     8.5, 
 2010,     0.6, ,     3.3, ,     5.9, ,     8.6, ,    11.4, ,    15.7, ,    19.0, ,    19.0, , -9999.9,M,     9.6, ,     1.4, ,    -0.2, , -9999.9,M,     0.1, ,     8.6, ,    17.9, , -9999.9,M
 2011,    -0.7, ,    -1.3, , -9999.9,M,     6.2, ,    11.8, ,    14.7, ,    17.6, ,    19.8, ,    15.9, ,     8.3, ,     1.2, ,    -0.3, , -9999.9,M,    -0.7, , -9999.9,M,    17.4, ,     8.5, 
 2012,    -1.1, ,     0.6, ,     3.3, ,     8.6, ,    12.0, ,    13.9, ,    19.7, ,    19.9, , -9999.9,M,     8.3, ,     4.2, ,     0.8, , -9999.9,M,    -0.3, ,     8.0, ,    17.8, , -9999.9,M
 2013,    -0.7, ,     2.6, ,     4.6, ,     8.4, ,    13.6, ,    15.8, ,    20.9, , -9999.9,M,    15.4, ,     7.6, ,     2.5, ,    -1.9, , -9999.9,M,     0.9, ,     8.9, , -9999.9,M,     8.5, 
 2014,     0.9, ,    -2.8, ,     3.3, ,     8.2, ,    12.9, ,    15.7, ,    21.3, ,    19.9, ,    15.3, ,    10.7, ,     2.1, ,     0.3, ,     9.0, ,    -1.3, ,     8.1, ,    19.0, ,     9.4, 
 2015,     0.3, ,     3.4, ,     6.2, ,     8.6, ,    14.9, ,    19.4, ,    21.2, ,    20.1, ,    13.6, ,    10.9, ,     2.3, ,     0.0, ,    10.1, ,     1.3, ,     9.9, ,    20.2, ,     8.9, 
 2016,     0.7, ,     3.5, ,     6.5, ,    11.9, ,    14.1, ,    16.4, ,    19.1, ,    19.8, ,    14.4, ,     8.6, ,     5.6, ,    -2.6, ,     9.8, ,     1.4, ,    10.8, ,    18.4, ,     9.5, 
 2017, -9999.9,M,    -0.4, ,     3.7, ,     7.7, ,    13.6, ,    17.1, ,    22.1, ,    21.0, ,    16.0, ,     8.0, ,     3.3, ,    -2.1, , -9999.9,M, -9999.9,M,     8.3, ,    20.1, ,     9.1, 
 2018,     0.6, ,    -1.1, ,     4.2, ,     7.4, ,    15.7, ,    16.2, ,    20.9, ,    19.5, ,    13.9, ,     8.4, ,     3.8, ,     0.7, ,     9.2, ,    -0.9, ,     9.1, ,    18.9, ,     8.7, 
 2019,     0.7, ,    -3.4, ,     3.8, ,     8.6, ,    14.5, ,    16.8, ,    18.6, , -9999.9,M, -9999.9,M,     6.2, ,     3.3, ,     0.7, , -9999.9,M,    -0.7, ,     9.0, , -9999.9,M, -9999.9,M
