1152850,FERNIE              ,BC  , station not joined, Monthly mean of homogenized daily mean temperature                     , Deg Celcius,          Updated to December 2019
1152850,FERNIE              ,BC  , station non jointe, Moyenne mensuelle des temperatures quotidiennes moyennes homogeneisees , Deg Celsius, Mise a jour jusqu a decembre 2019
 Year,     Jan, ,     Feb, ,     Mar, ,     Apr, ,     May, ,     Jun, ,     Jul, ,     Aug, ,     Sep, ,     Oct, ,     Nov, ,     Dec, ,  Annual, ,  Winter, ,  Spring, ,  Summer, ,  Autumn
Annee,    Janv, ,     Fev, ,    Mars, ,     Avr, ,     Mai, ,    Juin, ,    Juil, ,    Aout, ,    Sept, ,     Oct, ,     Nov, ,     Dec, ,  Annuel, ,   Hiver, ,Printemp, ,     Ete, , Automne
 1913, -9999.9,M, -9999.9,M, -9999.9,M, -9999.9,M, -9999.9,M, -9999.9,M, -9999.9,M, -9999.9,M, -9999.9,M, -9999.9,M, -9999.9,M, -9999.9,M, -9999.9,M, -9999.9,M, -9999.9,M, -9999.9,M, -9999.9,M
 1914,    -3.5, ,    -7.4, ,    -0.3, ,     6.0, ,     9.8, ,    13.0, ,    17.3, ,    15.5, ,     9.6, ,     5.7, ,     0.8, ,   -11.2, ,     4.6, , -9999.9,M,     5.2, ,    15.3, ,     5.4, 
 1915,    -8.0, ,    -3.1, ,     1.1, ,     8.3, ,    10.3, ,    12.0, ,    14.9, ,    18.5, ,     9.2, ,     6.9, ,    -2.5, ,    -5.7, ,     5.2, ,    -7.4, ,     6.6, ,    15.1, ,     4.5, 
 1916,   -19.1, ,    -7.2, ,    -0.1, ,     5.6, ,     7.1, ,    12.4, ,    15.7, ,    14.4, ,     9.5, ,     3.3, ,    -4.2, ,   -12.5, ,     2.1, ,   -10.7, ,     4.2, ,    14.2, ,     2.9, 
 1917,    -8.5, ,    -8.8, ,    -5.3, ,     2.0, ,     8.6, ,    12.0, ,    18.0, ,    15.5, ,    11.3, ,     6.0, ,     2.0, ,    -8.0, ,     3.7, ,    -9.9, ,     1.8, ,    15.2, ,     6.4, 
 1918,    -6.4, ,    -8.9, ,     1.1, ,     4.9, ,     8.0, ,    15.0, ,    16.8, ,    14.8, ,    12.3, ,     7.2, ,    -0.8, ,    -3.0, ,     5.1, ,    -7.8, ,     4.7, ,    15.5, ,     6.2, 
 1919,    -3.7, ,    -7.6, ,    -4.0, ,     6.3, ,     9.8, ,    13.5, ,    16.8, ,    17.0, ,    10.8, ,     0.6, ,    -4.4, ,    -7.9, ,     3.9, ,    -4.8, ,     4.0, ,    15.8, ,     2.3, 
 1920,    -7.6, ,    -5.1, ,    -2.4, ,     2.7, ,     7.5, ,    11.2, ,    18.5, ,    16.5, ,    10.4, ,     5.0, ,    -0.3, ,    -3.5, ,     4.4, ,    -6.9, ,     2.6, ,    15.4, ,     5.0, 
 1921,    -4.7, ,    -3.4, ,    -1.9, ,     4.7, ,     9.9, ,    14.7, ,    16.2, ,    15.4, ,     7.5, ,     7.1, ,    -1.5, ,    -8.1, ,     4.7, ,    -3.9, ,     4.2, ,    15.4, ,     4.4, 
 1922,   -11.4, ,   -13.9, ,    -4.0, ,     3.1, ,     8.8, ,    14.8, ,    15.5, ,    16.7, ,    11.3, ,     6.5, ,    -3.5, ,   -11.4, ,     2.7, ,   -11.1, ,     2.6, ,    15.7, ,     4.8, 
 1923,    -5.9, ,   -10.9, ,    -3.3, ,     3.5, ,     8.4, ,    13.4, ,    18.3, ,    15.4, ,    11.7, ,     5.4, ,    -0.5, ,    -4.7, ,     4.2, ,    -9.4, ,     2.9, ,    15.7, ,     5.5, 
 1924,   -10.9, ,    -0.5, ,    -0.7, ,     4.9, ,    11.3, ,    12.5, ,    17.1, ,    14.6, ,    10.8, ,     5.6, ,    -3.3, ,   -13.5, ,     4.0, ,    -5.4, ,     5.2, ,    14.7, ,     4.4, 
 1925,    -4.8, ,    -0.7, ,    -0.8, ,     6.6, ,    11.0, ,    14.7, ,    18.2, ,    15.0, ,    10.0, ,     2.1, ,    -0.3, ,     0.3, ,     5.9, ,    -6.3, ,     5.6, ,    16.0, ,     3.9, 
 1926,    -5.2, ,    -0.3, ,     2.8, ,     7.0, ,    10.6, ,    14.5, ,    18.2, ,    14.0, ,     5.2, ,     6.4, ,     0.0, ,    -6.1, ,     5.6, ,    -1.7, ,     6.8, ,    15.6, ,     3.9, 
 1927,    -8.4, ,    -7.1, ,    -1.1, ,     3.6, ,     8.1, ,    13.6, ,    16.2, ,    15.3, ,     9.9, ,     6.8, ,    -2.6, ,   -12.9, ,     3.5, ,    -7.2, ,     3.5, ,    15.0, ,     4.7, 
 1928,    -6.3, ,    -4.9, ,     1.0, ,     3.8, ,    11.3, ,    12.5, ,    17.4, ,    14.5, ,    10.5, ,     3.9, ,    -0.7, ,    -6.7, ,     4.7, ,    -8.0, ,     5.4, ,    14.8, ,     4.6, 
 1929,   -14.7, ,   -10.8, ,     1.0, ,     3.1, ,     9.3, ,    13.0, ,    16.6, ,    16.6, ,     8.8, ,     5.8, ,    -2.1, ,    -5.0, ,     3.5, ,   -10.7, ,     4.5, ,    15.4, ,     4.2, 
 1930,   -18.2, ,    -1.2, ,    -1.2, ,     8.2, ,     9.2, ,    13.3, ,    16.8, ,    16.7, ,    11.8, ,     3.4, ,    -1.6, ,    -4.2, ,     4.4, ,    -8.1, ,     5.4, ,    15.6, ,     4.5, 
 1931,    -2.8, ,    -3.6, ,     0.8, ,     5.7, ,    10.8, ,    14.3, ,    16.8, ,    16.3, ,    10.4, ,     5.7, ,    -4.8, ,    -4.8, ,     5.4, ,    -3.5, ,     5.8, ,    15.8, ,     3.8, 
 1932,    -9.0, ,    -6.3, ,    -2.3, ,     5.2, ,    10.5, ,    14.6, ,    15.9, ,    16.0, ,    10.2, ,     4.3, ,     0.8, ,    -8.9, ,     4.3, ,    -6.7, ,     4.5, ,    15.5, ,     5.1, 
 1933,    -4.6, ,   -10.2, ,    -1.1, ,     4.1, ,     8.6, ,    14.1, ,    17.1, ,    15.7, ,     8.9, ,     4.8, ,     2.4, ,    -4.1, ,     4.6, ,    -7.9, ,     3.9, ,    15.6, ,     5.4, 
 1934,    -2.7, ,    -3.8, ,     1.1, ,     8.9, ,    12.5, ,    13.7, ,    17.2, ,    15.8, ,     8.8, ,     6.6, ,     1.8, ,    -4.6, ,     6.3, ,    -3.5, ,     7.5, ,    15.6, ,     5.7, 
 1935,    -9.6, ,    -5.0, ,    -3.2, ,     0.7, ,     9.0, ,    12.6, ,    16.6, ,    14.6, ,    11.6, ,     3.9, ,    -3.4, ,    -3.3, ,     3.7, ,    -6.4, ,     2.2, ,    14.6, ,     4.0, 
 1936,    -5.9, ,   -17.9, ,    -2.3, ,     5.3, ,    13.5, ,    15.3, ,    18.6, ,    16.0, ,    10.4, ,     6.4, ,    -3.5, ,    -6.4, ,     4.1, ,    -9.0, ,     5.5, ,    16.6, ,     4.4, 
 1937,   -20.8, ,    -9.4, ,    -0.7, ,     5.1, ,    10.3, ,    13.2, ,    17.4, ,    14.4, ,    11.6, ,     6.7, ,    -1.6, ,    -5.2, ,     3.4, ,   -12.2, ,     4.9, ,    15.0, ,     5.6, 
 1938,    -7.4, ,    -9.0, ,    -0.5, ,     5.1, ,     9.4, ,    15.0, ,    17.9, ,    14.9, ,    14.0, ,     6.0, ,    -3.4, ,    -4.6, ,     4.8, ,    -7.2, ,     4.7, ,    15.9, ,     5.5, 
 1939,    -3.4, ,    -9.8, ,    -0.7, ,     6.9, ,    10.9, ,    11.4, ,    17.5, ,    16.3, ,    11.1, ,     5.3, ,     2.0, ,    -1.1, ,     5.5, ,    -5.9, ,     5.7, ,    15.1, ,     6.1, 
 1940,    -7.1, ,    -3.7, ,     2.2, ,     5.4, ,    11.9, ,    15.2, ,    17.8, ,    15.6, ,    13.2, ,     7.4, ,    -6.1, ,    -2.1, ,     5.8, ,    -4.0, ,     6.5, ,    16.2, ,     4.8, 
 1941,    -4.3, ,    -3.4, ,     1.9, ,     7.4, ,    10.2, ,    14.8, ,    18.6, ,    15.6, ,     8.3, ,     5.1, ,     2.0, ,    -3.8, ,     6.0, ,    -3.3, ,     6.5, ,    16.3, ,     5.1, 
 1942,    -8.4, ,    -6.1, ,    -0.5, ,     6.3, ,     8.6, ,    12.4, ,    16.3, ,    15.4, ,    10.5, ,     5.5, ,    -3.2, ,    -4.7, ,     4.3, ,    -6.1, ,     4.8, ,    14.7, ,     4.3, 
 1943,   -13.8, ,    -4.1, ,    -5.9, ,     6.6, ,     8.1, ,    11.3, ,    16.3, ,    14.6, ,    10.5, ,     5.3, ,    -1.1, ,    -5.7, ,     3.5, ,    -7.5, ,     2.9, ,    14.1, ,     4.9, 
 1944,    -5.5, ,    -6.3, ,    -3.4, ,     5.6, ,    10.7, ,    13.7, ,    16.4, ,    14.3, ,    11.5, ,     7.5, ,    -0.6, ,    -7.5, ,     4.7, ,    -5.8, ,     4.3, ,    14.8, ,     6.1, 
 1945,    -5.6, ,    -4.6, ,    -1.1, ,     2.7, ,     9.9, ,    13.0, ,    16.5, ,    16.2, ,     9.2, ,     6.5, ,    -2.7, ,    -5.5, ,     4.5, ,    -5.9, ,     3.8, ,    15.2, ,     4.3, 
 1946,    -4.6, ,    -4.6, ,     1.1, ,     5.7, ,    10.3, ,    12.7, ,    16.8, ,    15.1, ,     9.8, ,     2.7, ,    -6.0, ,    -6.2, ,     4.4, ,    -4.9, ,     5.7, ,    14.9, ,     2.2, 
 1947,    -7.3, ,    -5.5, ,    -1.0, ,     6.2, ,    11.1, ,    12.8, ,    16.8, ,    13.9, ,    10.5, ,     6.3, ,    -3.0, ,    -3.5, ,     4.8, ,    -6.3, ,     5.4, ,    14.5, ,     4.6, 
 1948,    -6.5, ,    -8.4, ,    -4.3, ,     3.5, ,    10.1, ,    14.5, ,    14.7, ,    14.7, ,    10.6, ,     4.5, ,    -1.0, ,   -11.7, ,     3.4, ,    -6.1, ,     3.1, ,    14.6, ,     4.7, 
 1949,   -18.1, ,    -9.9, ,    -2.7, ,     7.1, ,    11.1, ,    12.9, ,    15.7, ,    14.9, ,     9.8, ,     3.5, ,     2.7, ,    -7.7, ,     3.3, ,   -13.2, ,     5.2, ,    14.5, ,     5.3, 
 1950,   -21.5, ,    -3.9, ,    -3.1, ,     2.8, ,     8.2, ,    12.9, ,    16.5, ,    15.4, ,    10.9, ,     5.0, ,    -2.6, ,    -2.3, ,     3.2, ,   -11.0, ,     2.6, ,    14.9, ,     4.4, 
 1951,    -9.8, ,    -7.9, ,    -5.7, ,     3.5, ,     9.5, ,    11.3, ,    16.7, ,    14.0, , -9999.9,M,     2.6, ,    -2.6, ,   -11.6, , -9999.9,M,    -6.7, ,     2.4, ,    14.0, , -9999.9,M
 1952,    -9.2, ,    -3.0, ,    -2.0, ,     5.7, ,    10.0, ,    12.7, ,    15.4, , -9999.9,M,    11.7, ,     7.1, ,    -1.3, ,    -3.3, , -9999.9,M,    -7.9, ,     4.6, , -9999.9,M,     5.8, 
 1953,     0.2, ,    -2.6, ,     1.0, ,     2.7, ,     9.7, ,    12.9, ,    16.4, , -9999.9,M, -9999.9,M,     6.6, , -9999.9,M, -9999.9,M, -9999.9,M,    -1.9, ,     4.5, , -9999.9,M, -9999.9,M
 1954,   -11.0, , -9999.9,M,    -5.6, ,     1.2, ,     9.3, ,    11.5, , -9999.9,M, -9999.9,M, -9999.9,M, -9999.9,M,     3.0, ,    -3.6, , -9999.9,M, -9999.9,M,     1.6, , -9999.9,M, -9999.9,M
 1955, -9999.9,M, -9999.9,M,    -5.5, ,     2.5, ,     8.2, ,    12.9, ,    15.4, , -9999.9,M, -9999.9,M, -9999.9,M, -9999.9,M, -9999.9,M, -9999.9,M, -9999.9,M,     1.7, , -9999.9,M, -9999.9,M
 1956, -9999.9,M,    -8.7, , -9999.9,M, -9999.9,M, -9999.9,M, -9999.9,M, -9999.9,M, -9999.9,M, -9999.9,M, -9999.9,M, -9999.9,M, -9999.9,M, -9999.9,M, -9999.9,M, -9999.9,M, -9999.9,M, -9999.9,M
 1957, -9999.9,M, -9999.9,M, -9999.9,M, -9999.9,M, -9999.9,M, -9999.9,M, -9999.9,M, -9999.9,M, -9999.9,M, -9999.9,M,     0.1, , -9999.9,M, -9999.9,M, -9999.9,M, -9999.9,M, -9999.9,M, -9999.9,M
 1958, -9999.9,M, -9999.9,M,    -0.8, ,     5.1, , -9999.9,M, -9999.9,M,    17.8, ,    17.9, ,    10.7, , -9999.9,M, -9999.9,M, -9999.9,M, -9999.9,M, -9999.9,M, -9999.9,M, -9999.9,M, -9999.9,M
 1959,    -8.0, ,    -7.3, , -9999.9,M,     4.7, , -9999.9,M,    13.9, , -9999.9,M, -9999.9,M,     9.0, , -9999.9,M,    -5.5, ,    -3.2, , -9999.9,M, -9999.9,M, -9999.9,M, -9999.9,M, -9999.9,M
 1960, -9999.9,M,    -5.6, ,    -1.1, ,     5.0, , -9999.9,M, -9999.9,M,    19.3, , -9999.9,M, -9999.9,M, -9999.9,M, -9999.9,M, -9999.9,M, -9999.9,M, -9999.9,M, -9999.9,M, -9999.9,M, -9999.9,M
 1961,    -4.3, , -9999.9,M, -9999.9,M, -9999.9,M, -9999.9,M, -9999.9,M, -9999.9,M,    17.5, , -9999.9,M, -9999.9,M, -9999.9,M,    -8.4, , -9999.9,M, -9999.9,M, -9999.9,M, -9999.9,M, -9999.9,M
 1962,    -9.0, , -9999.9,M, -9999.9,M,     6.2, , -9999.9,M, -9999.9,M,    15.8, ,    14.5, ,    10.0, , -9999.9,M,     1.8, ,    -0.5, , -9999.9,M, -9999.9,M, -9999.9,M, -9999.9,M, -9999.9,M
 1963,   -13.0, ,     1.2, ,     2.3, ,     5.6, ,     9.5, ,    14.3, ,    15.8, ,    16.5, ,    14.0, ,     7.5, ,     1.3, ,    -6.0, ,     5.8, ,    -4.1, ,     5.8, ,    15.5, ,     7.6, 
 1964,    -3.5, ,    -2.4, ,    -2.2, ,     3.8, ,     9.1, ,    13.4, ,    17.1, ,    13.2, ,     9.3, ,     6.3, ,    -0.6, ,    -9.8, ,     4.5, ,    -4.0, ,     3.6, ,    14.6, ,     5.0, 
 1965,    -2.9, ,    -3.7, ,    -4.7, ,     5.9, ,     8.8, ,    13.3, ,    17.6, ,    16.6, ,     6.5, ,     8.6, ,    -0.4, ,    -4.8, ,     5.1, ,    -5.5, ,     3.3, ,    15.8, ,     4.9, 
 1966,    -7.3, ,    -3.9, ,    -0.4, ,     4.5, ,    11.3, ,    12.6, ,    16.6, ,    15.1, ,    14.0, ,     5.6, ,    -1.3, ,    -2.4, ,     5.4, ,    -5.3, ,     5.1, ,    14.8, ,     6.1, 
 1967,    -3.5, ,    -1.9, ,    -3.1, ,     2.8, ,     9.2, ,    14.2, ,    17.9, ,    18.2, ,    15.4, ,     6.7, ,    -0.2, ,    -6.3, ,     5.8, ,    -2.6, ,     3.0, ,    16.8, ,     7.3, 
 1968,    -6.0, ,    -0.5, ,     3.3, ,     3.5, ,     8.9, ,    12.8, ,    16.4, ,    14.3, ,    11.3, ,     5.2, ,     0.1, ,    -9.9, ,     5.0, ,    -4.3, ,     5.2, ,    14.5, ,     5.5, 
 1969,   -15.1, ,    -5.4, ,    -0.1, ,     6.4, ,    11.0, ,    14.4, ,    15.1, ,    16.2, ,    12.5, ,     4.2, ,     1.1, ,    -4.2, ,     4.7, ,   -10.1, ,     5.8, ,    15.2, ,     5.9, 
 1970,    -8.9, ,    -2.3, ,    -1.2, ,     2.9, ,    10.3, ,    15.5, ,    17.3, ,    16.8, ,     8.6, ,     3.8, ,    -2.3, ,    -6.6, ,     4.5, ,    -5.1, ,     4.0, ,    16.5, ,     3.4, 
 1971,    -8.0, ,    -3.4, ,    -2.7, ,     4.0, ,    10.0, ,    12.2, ,    15.4, ,    18.2, ,     9.1, ,     3.7, ,    -0.4, ,   -10.0, ,     4.0, ,    -6.0, ,     3.8, ,    15.3, ,     4.1, 
 1972,   -11.5, ,    -4.0, ,     2.0, ,     2.9, ,     9.7, ,    13.2, ,    14.2, ,    17.2, ,     7.8, ,     3.4, ,     0.2, ,    -9.1, ,     3.8, ,    -8.5, ,     4.9, ,    14.9, ,     3.8, 
 1973,    -8.0, ,    -4.4, ,     2.0, ,     4.6, ,     9.2, ,    12.5, ,    16.6, ,    16.2, ,    11.6, ,     6.0, ,    -3.3, ,    -2.8, ,     5.0, ,    -7.2, ,     5.3, ,    15.1, ,     4.8, 
 1974,    -7.8, ,    -1.1, ,    -0.3, ,     5.2, ,     7.2, ,    14.7, ,    15.4, ,    14.6, ,    11.2, ,     7.6, ,    -0.1, ,    -1.8, ,     5.4, ,    -3.9, ,     4.0, ,    14.9, ,     6.2, 
 1975,    -7.1, ,    -8.7, ,    -2.3, ,     2.5, ,     8.8, ,    12.1, ,    18.6, ,    13.7, ,    11.5, ,     5.0, ,    -1.2, ,    -2.5, ,     4.2, ,    -5.9, ,     3.0, ,    14.8, ,     5.1, 
 1976,    -3.8, ,    -2.7, ,    -2.5, ,     5.3, ,    10.2, ,    11.3, ,    15.8, ,    15.3, ,    12.9, ,     5.7, ,    -0.3, ,    -1.3, ,     5.5, ,    -3.0, ,     4.3, ,    14.1, ,     6.1, 
 1977,    -7.4, ,    -0.1, ,     0.1, ,     6.6, ,     9.0, ,    15.1, ,    15.4,E,    15.3, ,     9.9, ,     5.4, ,    -2.0, ,    -9.7, ,     4.8,E,    -2.9, ,     5.2, ,    15.3,E,     4.4, 
 1978,    -9.2, ,    -3.6, ,     1.3, ,     5.2, ,     7.8, ,    12.9, ,    16.0, ,    14.1, ,    11.6, ,     6.0, ,    -3.2, ,    -8.9,E,     4.2,E,    -7.5, ,     4.8, ,    14.3, ,     4.8, 
 1979,   -16.8, ,    -5.4, ,     0.5, ,     4.6, ,     9.2, ,    13.8, ,    16.7, ,    17.2, ,    13.0, ,     6.9, ,    -3.5, ,    -0.8, ,     4.6, ,   -10.4,E,     4.8, ,    15.9, ,     5.5, 
 1980,   -11.6, ,    -2.8, ,    -1.1, ,     6.6, ,    11.1, ,    12.0, ,    15.9, ,    12.6, ,    10.5, ,     6.2, ,     0.1, ,    -5.5, ,     4.5, ,    -5.1, ,     5.5, ,    13.5, ,     5.6, 
 1981,    -4.4, ,    -2.9, ,     2.2, ,     5.2, ,    10.2, ,    10.7, ,    14.9, ,    17.6, ,    10.8, ,     5.0, ,     1.4, ,    -6.9, ,     5.3, ,    -4.3, ,     5.9, ,    14.4, ,     5.7, 
 1982,    -8.9, ,    -6.0, ,    -0.3, ,     1.7, ,     8.0, ,    14.3, ,    14.7, ,    14.6, ,    10.2, ,     3.3, ,    -7.2, ,   -10.0, ,     2.9, ,    -7.3, ,     3.1, ,    14.5, ,     2.1, 
 1983,    -6.4, ,    -3.6, ,    -1.6, ,     1.3, ,     6.8, ,    11.7, ,    14.5, ,    17.8, ,     9.4, ,     6.4, ,     1.5, ,   -13.0, ,     3.7, ,    -6.7, ,     2.2, ,    14.7, ,     5.8, 
 1984,    -2.2, ,     0.0, ,     2.3, ,     5.5, ,     8.2, ,    12.9, ,    17.0, ,    16.7, ,     8.9, ,     3.6, ,    -1.8, ,   -10.7, ,     5.0, ,    -5.1, ,     5.3, ,    15.5, ,     3.6, 
 1985,    -8.3, ,    -6.8, ,     0.0, ,     6.4, ,    11.3, ,    13.5, ,    19.2, ,    14.5,E,     8.4, ,     4.5, ,   -10.3, ,    -5.4, ,     3.9,E,    -8.6, ,     5.9, ,    15.7,E,     0.9, 
 1986,    -1.7, ,    -5.6, ,     5.0, ,     5.6, ,    11.2, ,    15.8, , -9999.9,M,    16.9, ,     9.3,E,     6.3, ,    -1.8, ,    -3.5, , -9999.9,M,    -4.2, ,     7.3, , -9999.9,M,     4.6,E
 1987,    -5.1, ,    -2.1, ,     1.7,E,     7.8, ,    11.3, ,    15.5, ,    16.7, ,    14.5, ,    12.9, ,     6.7, , -9999.9,M,    -5.8,E, -9999.9,M,    -3.6, ,     6.9,E,    15.6, , -9999.9,M
 1988,    -6.8, ,    -2.4, ,     2.1, ,     7.5, ,     9.7, ,    15.3, ,    16.8, ,    16.2, , -9999.9,M, -9999.9,M, -9999.9,M,    -5.2,E, -9999.9,M,    -5.0,E,     6.4, ,    16.1, , -9999.9,M
 1989,    -5.6, ,   -11.0, ,    -1.6, ,     5.5, ,     8.7, ,    14.3, ,    17.3, ,    14.8, ,    11.1, ,     5.6, ,     1.6, ,    -4.1, ,     4.7, ,    -7.3,E,     4.2, ,    15.5, ,     6.1, 
 1990,    -3.6, ,    -5.2, ,     0.3, ,     6.2, ,     9.3, ,    12.0, ,    17.1,E,    17.2,E,    13.9, ,     4.7,E,     1.2, ,    -7.8,E,     5.4,E,    -4.3, ,     5.3, ,    15.4,E,     6.6,E
 1991, -9999.9,M,     1.8, ,    -1.0, ,     5.2, ,     9.7, ,    12.1,E,    16.3, ,    17.1, ,    11.8, ,     3.9, ,    -1.9, ,    -3.9, , -9999.9,M, -9999.9,M,     4.6, ,    15.2,E,     4.6, 
 1992,    -1.8, ,    -0.1, ,     4.2, ,     6.9, ,    10.9, ,    16.1, ,    15.6, ,    16.2,E,    10.0, ,     6.8, ,    -0.3, ,   -10.6,E,     6.2,E,    -1.9, ,     7.3, ,    16.0,E,     5.5, 
 1993,   -11.1, ,    -8.5, ,     1.2, ,     6.0, ,    13.3, ,    12.4, ,    13.1, ,    14.7, ,    11.0, ,     6.5,E,    -4.7, ,    -3.6, ,     4.2,E,   -10.1,E,     6.8, ,    13.4, ,     4.3,E
 1994,    -0.8, ,    -7.4,E,     2.0, ,     6.5, ,    11.0, ,    13.2, ,    18.1, ,    17.1, ,    13.2, ,     5.5, ,    -2.4, ,    -4.7, ,     5.9,E,    -3.9,E,     6.5, ,    16.1, ,     5.4, 
 1995,    -6.9, ,    -1.9, ,     0.4, ,     4.7, ,     9.7, ,    13.3,E,    16.4, ,    13.5, ,    12.4, ,     5.1, ,     1.7, ,    -5.9, ,     5.2,E,    -4.5, ,     4.9, ,    14.4,E,     6.4, 
 1996,   -10.2, ,    -6.0, ,    -2.4, ,     5.8, ,     7.4, ,    13.5, ,    17.4, ,    16.6, ,     9.9, ,     4.7, ,    -4.5, ,    -9.2,E,     3.6,E,    -7.4, ,     3.6, ,    15.8, ,     3.4, 
 1997,    -7.6, ,    -2.8, ,    -0.1, ,     2.7, ,     9.9,E,    13.4, ,    16.2, ,    16.9, ,    12.7, ,     6.3, ,     0.2, ,    -2.9, ,     5.4,E,    -6.5,E,     4.2,E,    15.5, ,     6.4, 
 1998,    -5.3, ,     0.0, ,     0.3, ,     6.5, ,    11.8, ,    13.3, ,    19.5, ,    18.3, ,    15.1, ,     5.8, ,     2.3, ,    -4.8, ,     6.9, ,    -2.7, ,     6.2, ,    17.0, ,     7.7, 
 1999,    -2.7,E,    -1.8, ,     0.9, ,     4.4,E,     8.1, ,    12.0, ,    14.5, ,    16.1, ,    10.5, ,     5.5,E,     2.9,E,    -2.1,E,     5.7,E,    -3.1,E,     4.5,E,    14.2, ,     6.3,E
 2000,    -6.0,E,    -4.0, ,     1.5, ,     5.7, ,     9.0, ,    13.3, ,    16.7,E,    16.1, ,     8.9, ,     4.8, ,    -4.2, ,    -7.8, ,     4.5,E,    -4.0,E,     5.4, ,    15.4,E,     3.2, 
 2001,    -3.9,E,    -7.1, ,     1.6, ,     4.5, ,    11.0, ,    12.3, ,    16.3, , -9999.9,M,    13.8,E,     5.7,E,     2.9, ,    -5.7, , -9999.9,M,    -6.3,E,     5.7, , -9999.9,M,     7.5,E
 2002,    -4.6, ,    -3.4, ,    -4.3,E,     4.1, ,     8.1,E, -9999.9,M,    18.6,E,    15.5, ,    11.7,E,     3.2, ,     1.1, ,    -2.5, , -9999.9,M,    -4.6, ,     2.6,E, -9999.9,M,     5.3,E
 2003,    -2.5, ,    -2.8, ,     0.2, ,     5.6, ,     9.7,E,    14.4, ,    19.5, ,    18.7,E,    13.1,E,     7.6, ,    -3.5, ,    -5.8, ,     6.2,E,    -2.6, ,     5.2,E,    17.5,E,     5.7,E
 2004,    -6.6, ,    -2.6, ,     3.0, ,     6.6, ,     9.2,E,    13.6, ,    17.5,E,    17.6, , -9999.9,M,     6.2, ,     0.8, , -9999.9,M, -9999.9,M,    -5.0, ,     6.3,E,    16.2,E, -9999.9,M
 2005,    -6.3, ,    -3.4, ,     2.1, ,     6.8, ,    11.2, ,    12.9, ,    16.8, ,    15.8, ,    10.3, ,     7.2, ,     0.2, ,    -7.0, ,     5.6, , -9999.9,M,     6.7, ,    15.2, ,     5.9, 
 2006,     1.0, ,    -4.8, ,     0.4, ,     6.4, ,    11.2, ,    15.0, ,    19.4, ,    16.0, ,    12.7, ,     5.8, ,    -1.7, ,    -3.8,E,     6.5,E,    -3.6, ,     6.0, ,    16.8, ,     5.6, 
 2007,    -6.4, ,    -3.0, ,     3.4, ,     5.4, ,    11.2, ,    14.3, ,    20.7, ,    16.4, ,    11.3, ,     6.4, ,    -0.8, ,    -4.3, ,     6.2, ,    -4.4,E,     6.7, ,    17.1, ,     5.6, 
 2008,    -7.1, ,    -2.6, ,     0.1, ,     3.1, ,     9.9, ,    12.4, ,    17.1, ,    16.6, ,    10.6, ,     5.8, ,     2.8, ,    -8.5, ,     5.0, ,    -4.7, ,     4.4, ,    15.4, ,     6.4, 
 2009,    -5.4, ,    -3.1, ,    -2.4, ,     4.3, ,     9.1, ,    13.6, ,    17.2, ,    16.4, ,    13.6, ,     3.3, ,     2.0, ,    -9.0, ,     5.0, ,    -5.7, ,     3.7, ,    15.7, ,     6.3, 
 2010,    -3.9, ,     0.5, ,     3.3, ,     5.4, ,     7.5, ,    13.3, , -9999.9,M,    15.5, ,    11.2, ,     6.2, ,    -3.2, ,    -6.4, , -9999.9,M,    -4.1, ,     5.4, , -9999.9,M,     4.7, 
 2011,    -4.3, ,    -6.8, ,     0.7, ,     2.2, ,     8.8, ,    12.5, ,    16.0, ,    17.2, ,    13.5, ,     5.7, ,    -1.3, ,    -3.3, ,     5.1, ,    -5.8, ,     3.9, ,    15.2, ,     6.0, 
 2012,    -2.1, ,    -3.4, ,     1.8, ,     7.1, ,     9.3, ,    12.2, ,    18.3, ,    16.6, ,    12.6, ,     5.4, ,     1.8, ,    -2.7, ,     6.4, ,    -2.9, ,     6.1, ,    15.7, ,     6.6, 
 2013,    -4.3, ,    -1.2, ,     0.4, ,     3.8, ,    10.7, ,    13.2, ,    18.6, ,    18.2, ,    13.9, ,     4.9, ,    -1.8, , -9999.9,M, -9999.9,M,    -2.7, ,     5.0, ,    16.7, ,     5.7, 
 2014,    -3.8, ,    -9.8, ,    -1.1, ,     5.1, ,     9.7, ,    13.5, ,    19.2, ,    16.9, ,    11.4, ,     8.8, ,    -3.1, ,    -3.7, ,     5.3, , -9999.9,M,     4.6, ,    16.5, ,     5.7, 
 2015,    -3.6, ,     1.1, ,     4.2, ,     6.9, , -9999.9,M,    17.0, ,    18.6, , -9999.9,M, -9999.9,M, -9999.9,M, -9999.9,M, -9999.9,M, -9999.9,M,    -2.1, , -9999.9,M, -9999.9,M, -9999.9,M
 2016,    -3.3, , -9999.9,M,     3.6, ,     9.9, ,    11.2, ,    14.9, ,    16.8, ,    17.2, ,    11.2, ,     6.1, ,     3.0, ,   -10.5, , -9999.9,M, -9999.9,M,     8.2, ,    16.3, ,     6.8, 
 2017,    -9.8, ,    -4.4, ,     1.3, ,     5.5, ,    11.6, ,    15.4, ,    19.8, ,    18.7, ,    12.8, ,     5.1, ,     0.0, ,    -8.8, ,     5.6, ,    -8.2, ,     6.1, ,    18.0, ,     6.0, 
 2018,    -4.5, ,    -8.5, ,     0.0, ,     4.0, ,    13.7, ,    14.7, ,    18.3, ,    17.5, ,    11.0, ,     4.8, ,     0.0, ,    -3.0, ,     5.7, ,    -7.3, ,     5.9, ,    16.8, ,     5.3, 
 2019,    -2.9, ,   -11.4, ,    -0.7, ,     6.3, ,    11.2, ,    14.8, ,    16.6, ,    17.3, ,    12.2, ,     3.0, ,    -0.9, ,    -1.0, ,     5.4, ,    -5.8, ,     5.6, ,    16.2, ,     4.8, 
