1113543,HOPE                ,BC  , station not joined, Monthly mean of homogenized daily mean temperature                     , Deg Celcius,          Updated to December 2019
1113543,HOPE                ,BC  , station non jointe, Moyenne mensuelle des temperatures quotidiennes moyennes homogeneisees , Deg Celsius, Mise a jour jusqu a decembre 2019
 Year,     Jan, ,     Feb, ,     Mar, ,     Apr, ,     May, ,     Jun, ,     Jul, ,     Aug, ,     Sep, ,     Oct, ,     Nov, ,     Dec, ,  Annual, ,  Winter, ,  Spring, ,  Summer, ,  Autumn
Annee,    Janv, ,     Fev, ,    Mars, ,     Avr, ,     Mai, ,    Juin, ,    Juil, ,    Aout, ,    Sept, ,     Oct, ,     Nov, ,     Dec, ,  Annuel, ,   Hiver, ,Printemp, ,     Ete, , Automne
 1936, -9999.9,M, -9999.9,M, -9999.9,M, -9999.9,M, -9999.9,M, -9999.9,M, -9999.9,M, -9999.9,M, -9999.9,M, -9999.9,M,     3.4, , -9999.9,M, -9999.9,M, -9999.9,M, -9999.9,M, -9999.9,M, -9999.9,M
 1937, -9999.9,M, -9999.9,M, -9999.9,M, -9999.9,M, -9999.9,M, -9999.9,M, -9999.9,M, -9999.9,M, -9999.9,M, -9999.9,M, -9999.9,M, -9999.9,M, -9999.9,M, -9999.9,M, -9999.9,M, -9999.9,M, -9999.9,M
 1938,     1.1, ,     1.9, ,     6.2, ,    10.3, ,    13.4, ,    16.2, ,    19.3, ,    17.5, ,    18.0, ,    11.6, ,     4.4, ,     2.1, ,    10.2, , -9999.9,M,    10.0, ,    17.7, ,    11.3, 
 1939,     3.7, ,     0.6, ,     6.4, ,    10.9, ,    13.3, ,    14.3, ,    17.7, ,    19.5, ,    15.5, ,    10.4, ,     7.4, ,     5.4, ,    10.4, ,     2.1, ,    10.2, ,    17.2, ,    11.1, 
 1940,     2.9, ,     4.0, ,     8.2, ,    11.6, ,    14.7, ,    16.5, ,    18.1, ,    18.8, ,    18.6, ,    12.3, ,     2.5, ,     3.0, ,    10.9, ,     4.1, ,    11.5, ,    17.8, ,    11.1, 
 1941,     3.1, ,     6.0, ,    10.4, ,    11.9, ,    13.3, ,    16.1, ,    20.7, ,    18.6, ,    13.9, ,    11.0, ,     6.7, ,     2.2, ,    11.2, ,     4.0, ,    11.9, ,    18.5, ,    10.5, 
 1942,     1.6, ,     4.5, ,     6.3, ,    11.3, ,    13.3, ,    15.4, , -9999.9,M,    21.0, ,    16.7, ,    11.0, ,     3.8, ,     3.0, , -9999.9,M,     2.8, ,    10.3, , -9999.9,M,    10.5, 
 1943,    -4.9, ,     5.1, ,     4.9, ,    10.7, ,    12.0, ,    15.7, ,    18.1, ,    17.5, ,    17.3, ,    11.1, ,     6.4, ,     2.5, ,     9.7, ,     1.1, ,     9.2, ,    17.1, ,    11.6, 
 1944,     1.3, ,     3.5, ,     5.3, ,    10.7, ,    13.5, ,    16.4, ,    18.5, ,    17.5, ,    16.9, ,    13.5, ,     6.3, ,     1.5, ,    10.4, ,     2.4, ,     9.8, ,    17.5, ,    12.2, 
 1945,     2.7, ,     4.1, ,     5.2, ,     7.8, ,    14.1, ,    15.1, ,    18.3, ,    18.8, ,    14.4, ,    11.2, ,     2.8, ,     1.6, ,     9.7, ,     2.8, ,     9.0, ,    17.4, ,     9.5, 
 1946,     3.0, ,     3.6, ,     6.3, ,     8.8, ,    15.0, ,    15.2, ,    18.2, ,    18.7, ,    15.4, ,     8.7, ,     1.8, ,     1.3, ,     9.7, ,     2.7, ,    10.0, ,    17.4, ,     8.6, 
 1947,    -0.7, ,     3.8, ,     8.0, ,    10.7, ,    15.0, ,    15.2, ,    17.3, ,    17.3, ,    15.9, ,    10.2, ,     4.6, ,     2.7, ,    10.0, ,     1.5, ,    11.2, ,    16.6, ,    10.2, 
 1948,     1.8, ,     0.4, ,     5.2, ,     8.3, , -9999.9,M,    17.7, ,    17.4, ,    17.4, ,    14.2, ,     9.9, ,     4.6, ,    -1.5, , -9999.9,M,     1.6, , -9999.9,M,    17.5, ,     9.6, 
 1949,    -3.8, ,    -0.5, ,     5.8, ,     9.8, ,    14.0, ,    14.9, ,    16.7, ,    17.3, ,    16.3, ,     9.2, ,     8.5, ,    -0.5, ,     9.0, ,    -1.9, ,     9.9, ,    16.3, ,    11.3, 
 1950,   -12.6, ,     1.0, ,     4.2, ,     8.0, ,    11.0, ,    16.2, ,    18.1, ,    18.4, ,    15.6, ,     9.0, ,     3.7, ,     3.5, ,     8.0, ,    -4.0, ,     7.7, ,    17.6, ,     9.4, 
 1951,    -0.9, ,     1.4, ,     2.3, ,    10.5, ,    12.9, ,    16.9, ,    19.1, ,    18.2, ,    16.7, ,    10.0, ,     4.7, ,    -2.0, ,     9.2, ,     1.3, ,     8.6, ,    18.1, ,    10.5, 
 1952,    -3.6, ,     2.9, ,     5.3, ,     9.6, ,    13.2, ,    14.2, ,    18.1, ,    18.8, ,    16.5, ,    12.7, ,     3.9, ,     2.1, ,     9.5, ,    -0.9, ,     9.4, ,    17.0, ,    11.0, 
 1953,     2.3, ,     4.7, ,     6.2, ,     9.5, ,    13.3, ,    14.2, ,    18.9, ,    18.4, ,    15.8, ,    11.4, ,     7.0, ,     4.8, ,    10.5, ,     3.0, ,     9.7, ,    17.2, ,    11.4, 
 1954,    -4.2, ,     3.9, ,     4.7, ,     6.8, ,    13.3, ,    14.1, ,    16.5, ,    16.6, ,    15.2, ,     9.4, ,     7.6, ,     2.7, ,     8.9, ,     1.5, ,     8.3, ,    15.7, ,    10.7, 
 1955,     2.2, ,     1.6, ,     1.9, ,     7.3, ,    10.1, ,    15.0, ,    16.4, ,    17.4, ,    15.1, ,    10.1, ,     0.5, ,    -1.4, ,     8.0, ,     2.2, ,     6.4, ,    16.3, ,     8.6, 
 1956,    -1.0, ,    -0.4, ,     3.7, ,    10.7, ,    14.6, ,    14.5, ,    19.2, ,    18.8, ,    14.8, ,     8.7, ,     4.5, ,     2.5, ,     9.2, ,    -0.9, ,     9.7, ,    17.5, ,     9.3, 
 1957,    -5.6, ,     0.6, ,     5.7, ,    11.0, ,    15.8, ,    16.7, ,    17.2, ,    17.3, ,    17.6, ,    10.0, ,     5.4, ,     4.7, ,     9.7, ,    -0.8, ,    10.8, ,    17.1, ,    11.0, 
 1958,     4.2, ,     5.8, ,     6.8, ,     9.9, ,    15.9, ,    19.2, ,    22.6, ,    19.9, ,    15.0, ,    10.7, ,     4.4, ,     2.9, ,    11.4, ,     4.9, ,    10.9, ,    20.6, ,    10.0, 
 1959,     0.3, ,     2.8, ,     6.3, ,     9.4, ,    12.4, ,    15.9, ,    18.7, ,    17.1, ,    14.2, ,    10.2, ,     2.9, ,     2.9, ,     9.4, ,     2.0, ,     9.4, ,    17.2, ,     9.1, 
 1960,    -0.3, ,     3.6, ,     5.8, ,     9.8, ,    12.0, ,    15.4, ,    19.7, ,    17.6, ,    15.4, ,    11.6, ,     4.6, ,     1.4, ,     9.7, ,     2.1, ,     9.2, ,    17.6, ,    10.5, 
 1961,     3.1, ,     4.7, ,     6.6, ,     9.3, ,    13.5, ,    18.0, ,    20.4, ,    20.9, ,    13.8, ,     9.1, ,     2.9, ,     1.6, ,    10.3, ,     3.1, ,     9.8, ,    19.8, ,     8.6, 
 1962,     1.3, ,     4.6, ,     4.5, ,    10.0, ,    11.8, ,    15.5, ,    17.6, ,    17.3, ,    15.7, ,    11.1, ,     6.4, ,     3.9, ,    10.0, ,     2.5, ,     8.8, ,    16.8, ,    11.1, 
 1963,    -1.5, ,     5.6, ,     6.5, ,     9.2, ,    13.9, ,    15.8, ,    17.3, ,    19.2, ,    17.4, ,    11.0, ,     4.6, ,     1.9, ,    10.1, ,     2.7, ,     9.9, ,    17.4, ,    11.0, 
 1964,     2.7, ,     4.3, ,     5.2, ,     8.0, ,    11.9, ,    15.0, ,    17.6, ,    17.0, ,    14.2, ,    11.5, ,     3.8, ,    -3.3, ,     9.0, ,     3.0, ,     8.4, ,    16.5, ,     9.8, 
 1965,     0.2, ,     3.5, ,     6.0, ,    10.1, ,    11.5, ,    16.3, ,    20.0, ,    19.0, ,    14.3, ,    11.6, ,     5.6, ,     0.3, ,     9.9, ,     0.1, ,     9.2, ,    18.4, ,    10.5, 
 1966,    -1.6, ,     3.0, ,     5.9, ,     9.3, ,    12.9, ,    14.9, ,    17.7, ,    18.4, ,    16.3, ,     9.9, ,     5.2, ,     2.8, ,     9.6, ,     0.6, ,     9.4, ,    17.0, ,    10.5, 
 1967,     2.6, ,     4.9, ,     5.3, ,     8.5, ,    13.0, ,    18.1, ,    18.6, ,    21.0, ,    17.3, ,    11.0, ,     6.2, ,     2.0, ,    10.7, ,     3.4, ,     8.9, ,    19.2, ,    11.5, 
 1968,     0.5, ,     5.8, ,     7.4, ,     8.4, ,    13.6, ,    15.5, ,    19.7, ,    17.7, ,    15.2, ,     9.2, ,     5.0, ,    -2.1, ,     9.7, ,     2.8, ,     9.8, ,    17.6, ,     9.8, 
 1969,    -7.8, ,     2.1, ,     6.3, ,     9.1, ,    15.2, ,    19.0, ,    18.1, ,    16.8, ,    15.3, ,    10.2, ,     6.1, ,     3.2, ,     9.5, ,    -2.6, ,    10.2, ,    18.0, ,    10.5, 
 1970,    -0.4, ,     6.2, ,     7.0, ,     8.0, ,    13.1, ,    18.3, ,    19.1, ,    18.7, ,    13.8, ,     9.4, ,     3.5, ,    -0.6, ,     9.7, ,     3.0, ,     9.4, ,    18.7, ,     8.9, 
 1971,     0.2, ,     3.8, ,     4.2, ,     8.8, ,    13.4, ,    14.1, ,    19.5, ,    20.2, ,    14.1, ,     9.4, ,     5.3, ,    -2.3, ,     9.2, ,     1.1, ,     8.8, ,    17.9, ,     9.6, 
 1972,    -2.4, ,     2.2, ,     5.9, ,     7.4, ,    14.4, ,    15.5, ,    18.8, ,    19.8, ,    13.3, ,     9.6, ,     5.9, ,    -0.6, ,     9.2, ,    -0.8, ,     9.2, ,    18.0, ,     9.6, 
 1973,    -0.3, ,     3.9, ,     7.0, ,     9.6, ,    13.0, ,    15.1, ,    17.9, ,    16.7, ,    16.1, ,     9.5, ,     1.6, ,     3.8, ,     9.5, ,     1.0, ,     9.9, ,    16.6, ,     9.1, 
 1974,     0.8, ,     3.8, ,     5.6, ,     9.4, ,    10.7, ,    15.6, ,    16.9, ,    19.1, ,    18.2, ,    11.3, ,     5.4, ,     4.0, ,    10.1, ,     2.8, ,     8.6, ,    17.2, ,    11.6, 
 1975,     0.3, ,    -1.4, ,     4.8, ,     7.8, ,    12.5, ,    14.8, ,    19.6, ,    16.7, ,    17.3, ,     9.6, ,     4.3, ,     3.1, ,     9.1, ,     1.0, ,     8.4, ,    17.0, ,    10.4, 
 1976,     3.0, ,     2.4, ,     3.4, ,     9.6, ,    12.2, ,    14.1, ,    16.9, ,    16.6, ,    16.7, ,    10.9, ,     6.3, ,     4.3, ,     9.7, ,     2.8, ,     8.4, ,    15.9, ,    11.3, 
 1977,     0.3, ,     6.1, ,     5.7, ,    11.0, ,    11.7, ,    16.4, ,    16.9, ,    20.7, ,    14.3, ,     9.7, ,     3.5, ,    -0.2, ,     9.7, ,     3.6, ,     9.5, ,    18.0, ,     9.2, 
 1978,     0.5, ,     3.6, ,     7.6, ,     9.8, ,    12.5, ,    17.0, ,    19.2, ,    18.4, ,    14.4, ,    11.5, ,     1.9, ,     0.2, ,     9.7, ,     1.3, ,    10.0, ,    18.2, ,     9.3, 
 1979,    -4.2, ,     1.3, ,     7.5, ,     9.5, ,    13.5, ,    15.2, ,    19.2, ,    19.2, ,    17.0, ,    11.6, ,     4.6, ,     3.6, ,     9.8, ,    -0.9, ,    10.2, ,    17.9, ,    11.1, 
 1980,    -1.9, ,     4.6, ,     5.6, ,    11.2, ,    12.9, ,    14.9, ,    17.7, ,    17.5, ,    14.9, ,    11.3, ,     5.7, ,     2.2, ,     9.7, ,     2.1, ,     9.9, ,    16.7, ,    10.6, 
 1981,     5.2, ,     4.7, ,     8.2, ,     8.9, ,    13.1, ,    13.2, ,    17.5, ,    20.6, ,    15.6, ,     9.8, ,     6.7, ,     1.9, ,    10.5, ,     4.0, ,    10.1, ,    17.1, ,    10.7, 
 1982,    -0.6, ,     2.2, ,     6.1, ,     8.0, ,    12.4, ,    17.6, ,    17.2, ,    17.7, ,    15.9, ,    10.3, ,     2.2, ,     2.1, ,     9.3, ,     1.2, ,     8.8, ,    17.5, ,     9.5, 
 1983,     4.9, ,     5.8, ,     8.2, ,    10.5, ,    14.6, ,    15.6, ,    16.3, ,    18.4, ,    13.5, ,     9.5, ,     6.2, ,    -2.8, ,    10.1, ,     4.3, ,    11.1, ,    16.8, ,     9.7, 
 1984,     3.5, ,     4.9, ,     8.4, ,     8.6, ,    11.0, ,    15.2, ,    18.4, ,    18.0, ,    14.0, ,     8.1, ,     3.5, ,    -2.2, ,     9.3, ,     1.9, ,     9.3, ,    17.2, ,     8.5, 
 1985,     0.4, ,     1.4, ,     5.7, ,     9.3, ,    13.3, ,    15.7, ,    21.2, ,    18.7, ,    14.3, ,     9.2, ,    -2.8, ,     0.6, ,     8.9, ,    -0.1, ,     9.4, ,    18.5, ,     6.9, 
 1986,     4.3, ,     1.5, ,     8.3, ,     8.5, ,    13.3, ,    17.1, ,    16.5, ,    20.9, ,    15.3, ,    11.7, ,     4.5, ,     2.3, ,    10.4, ,     2.1, ,    10.0, ,    18.2, ,    10.5, 
 1987,     2.1, ,     5.2, ,     7.9, ,    11.4, ,    13.6, ,    17.0, ,    18.0, ,    19.0, ,    16.9, ,    12.1, ,     7.1, ,     1.3, ,    11.0, ,     3.2, ,    11.0, ,    18.0, ,    12.0, 
 1988,     0.4, ,     4.5, ,     6.6, ,     9.8, ,    13.0, ,    15.4, ,    18.2, ,    18.4, ,    15.6, ,    12.5, ,     5.8, ,     3.1, ,    10.3, ,     2.1, ,     9.8, ,    17.3, ,    11.3, 
 1989,     1.7, ,    -1.1, ,     5.4, ,    11.8, ,    12.6, ,    17.2, ,    17.8, ,    17.9, ,    17.5, ,    10.3, ,     6.4, ,     4.0, ,    10.1, ,     1.2, ,     9.9, ,    17.6, ,    11.4, 
 1990,     3.2, ,     1.4, ,     7.5, ,    11.7, ,    13.0, ,    15.6, ,    20.5, ,    20.3, ,    17.9, ,     9.0, ,     5.9, ,    -1.7, ,    10.4, ,     2.9, ,    10.7, ,    18.8, ,    10.9, 
 1991,    -1.7, ,     6.8, ,     5.2, ,    10.1, ,    12.7, ,    14.9,E,    18.8, ,    18.8, ,    17.5, ,    10.4, ,     6.9, ,     4.5, ,    10.4,E,     1.1, ,     9.3, ,    17.5,E,    11.6, 
 1992,     4.4, ,     6.7, ,    10.8, ,    11.2, ,    15.1, ,    18.2, ,    19.1, ,    19.4, ,    13.9, ,    11.2, ,     5.9, ,    -0.2, ,    11.3, ,     5.2, ,    12.4, ,    18.9, ,    10.3, 
 1993,    -3.2, ,     3.5, ,     7.9, ,    10.0, ,    16.3, ,    15.5, ,    16.9, ,    18.7, ,    16.7, ,    12.3, ,     3.2, ,     3.3, ,    10.1, ,     0.0, ,    11.4, ,    17.0, ,    10.7, 
 1994,     6.2, ,     1.9, ,     8.1, ,    11.5, ,    14.8, ,    15.1, ,    18.9, ,    19.3, ,    17.2, ,    10.2, ,     3.2, ,     1.0, ,    10.6, ,     3.8, ,    11.5, ,    17.8, ,    10.2, 
 1995,     1.3, ,     4.9, ,     6.4, ,    10.4, ,    15.6, ,    17.3, ,    19.1, ,    16.6, ,    18.6,E,     9.8, ,     7.0,E,     1.4, ,    10.7,E,     2.4, ,    10.8, ,    17.7, ,    11.8,E
 1996,    -1.2,E,     3.8, ,     6.4, ,    10.2, ,    11.2, ,    15.1, ,    19.4, ,    18.4, ,    14.1,E,     9.7,E,     2.5, ,    -1.3, ,     9.0,E,     1.3,E,     9.3, ,    17.6, ,     8.8,E
 1997,     1.1,E,     4.2, ,     5.4, ,     9.5, ,    14.8, ,    15.5, ,    17.9, ,    20.3, ,    16.8, ,     9.8,E,     6.5, ,     3.4, ,    10.4,E,     1.3,E,     9.9, ,    17.9, ,    11.0,E
 1998,     0.0, ,     5.5, ,     7.4, ,    10.7, ,    14.1, ,    17.1, ,    20.2, ,    19.9, ,    17.7, ,    10.9,E,     6.6, ,     1.9, ,    11.0,E,     3.0, ,    10.7, ,    19.1, ,    11.7,E
 1999,     3.8,E,     3.9, ,     5.8,E,     9.4,E,    11.5, ,    14.6, ,    17.6, ,    19.0, ,    15.6, ,    10.5, ,     6.6, ,     4.5, ,    10.2,E,     3.2,E,     8.9,E,    17.1, ,    10.9, 
 2000,     1.4, ,     4.6, ,     6.9,E,    10.5, ,    12.3, ,    16.5,E,    18.0, ,    17.3, ,    15.0, ,    10.8, ,     4.6, ,     1.3, ,     9.9,E,     3.5, ,     9.9,E,    17.3,E,    10.1, 
 2001,     3.6, ,     3.5, ,     7.0, ,     8.9, ,    12.8, ,    14.8, ,    17.5, ,    19.1, ,    16.0, ,     9.7, ,     6.5, ,     2.5, ,    10.2, ,     2.8, ,     9.6, ,    17.1, ,    10.7, 
 2002,     2.5, ,     3.4, ,     3.2, ,     9.4, ,    11.9, ,    16.6, ,    18.9, ,    19.0,E,    15.7, ,    10.5, ,     7.6, ,     4.0,E,    10.2,E,     2.8, ,     8.2, ,    18.2,E,    11.3, 
 2003,     4.3, ,     4.6, ,     5.6, ,     9.7, ,    12.9,E,    17.6, ,    19.6, ,    19.5, ,    17.8, ,    11.8, ,     3.3, ,     3.0, ,    10.8,E,     4.3,E,     9.4,E,    18.9, ,    11.0, 
 2004,     0.6, ,     5.0, ,     8.2, ,    12.4, ,    14.2, ,    17.8, ,    20.8, ,    20.6, ,    14.8, ,    10.9, ,     5.8, ,     4.2, ,    11.3, ,     2.9, ,    11.6, ,    19.7, ,    10.5, 
 2005,     0.3, ,     5.3, ,     8.3, ,    11.0,E,    15.7, ,    15.8, ,    18.4, ,    19.7, ,    14.8, ,    11.1, ,     5.3, ,     2.6, ,    10.7,E,     3.3, ,    11.7,E,    18.0, ,    10.4, 
 2006,     5.0, ,     3.5, ,     6.5, ,     9.9, ,    13.9, ,    17.3, ,    19.5, ,    18.9, ,    16.8, ,    11.2, ,     3.4, ,     2.4, ,    10.7, ,     3.7, ,    10.1, ,    18.6, ,    10.5, 
 2007,     1.8, ,     4.8, ,     6.7,E,     9.2,E,    13.7, ,    15.4, ,    20.0, ,    18.4,E,    15.4,E,     9.6, ,     5.0, ,     1.1,E,    10.1,E,     3.0, ,     9.9,E,    17.9,E,    10.0,E
 2008,    -0.1, ,     4.6, ,     5.6, ,     7.6, ,    13.8, ,    14.4, ,    18.2, ,    18.7, ,    15.7,E,     9.9, ,     7.1, ,    -1.2, ,     9.5,E,     1.9,E,     9.0, ,    17.1, ,    10.9,E
 2009,     1.8, ,     3.2,E,     3.8, ,     9.6,E,    13.3,E,    17.5, ,    21.2, ,    19.3, ,    16.9, ,    10.0, ,     5.7, ,    -0.8,E,    10.1,E,     1.3,E,     8.9,E,    19.3, ,    10.9, 
 2010,     4.7,E,     6.6, ,     7.6, ,     9.7, ,    12.3, ,    15.3,E,    18.9, ,    19.4, ,    16.2, ,    11.7, ,     3.5, ,     2.3, ,    10.7,E,     3.5,E,     9.9, ,    17.9,E,    10.5, 
 2011,     2.6, ,     1.3, ,     5.7, ,     7.0, ,    11.8, ,    15.1, ,    16.9, ,    18.5, ,    17.4, , -9999.9,M,     3.7, ,     2.7, , -9999.9,M,     2.1, ,     8.2, ,    16.8, , -9999.9,M
 2012,     1.0, ,     4.6, ,     4.8, ,    10.2, ,    12.6, ,    14.2, ,    19.1, ,    19.6, ,    17.0,E,    10.9,E,     5.7,E,     1.9, ,    10.1,E,     2.8, ,     9.2, ,    17.6, ,    11.2,E
 2013,     1.1, ,     4.5,E,     7.1, ,     9.4, ,    14.4, ,    16.6, ,    20.0, ,    20.3, ,    17.1, ,    10.8, ,     5.1, ,     1.2, ,    10.6,E,     2.5,E,    10.3, ,    19.0, ,    11.0, 
 2014,     4.2, ,     1.0, ,     5.8, ,    10.1, ,    14.6, ,    16.3, ,    20.1, ,    20.7, ,    17.5, ,    12.6, ,     4.8, ,     3.0, ,    10.9, ,     2.1, ,    10.2, ,    19.0, ,    11.6, 
 2015,     4.0, ,     7.7, ,     9.2, ,    10.3, ,    16.2, ,    19.7, ,    21.9, ,    19.9, ,    14.9, ,    12.8, ,     4.3, ,     2.6, ,    12.0, ,     4.9, ,    11.9, ,    20.5, ,    10.7, 
 2016,     2.8, ,     6.3, ,     8.6, ,    13.2, ,    15.6, ,    16.7, ,    18.5, ,    20.2, ,    15.7, ,    10.5, ,     7.5, ,    -1.5, ,    11.2, ,     3.9, ,    12.5, ,    18.5, ,    11.2, 
 2017,    -0.9, ,     1.2, ,     5.9, ,     9.8, ,    14.1, ,    16.7, ,    19.1, ,    21.5, ,    18.1, ,    10.4, ,     5.1, ,     0.9, ,    10.2, ,    -0.4, ,     9.9, ,    19.1, ,    11.2, 
 2018,     2.1, ,     1.8, ,     6.0, ,    10.2, ,    16.4, ,    16.3,E,    21.0, ,    20.3, ,    15.3, ,    10.6, ,     6.9, ,     3.6, ,    10.9,E,     1.6, ,    10.9, ,    19.2,E,    10.9, 
 2019,     3.8, ,    -1.6, ,     7.3, ,    10.4, ,    15.8, ,    16.9, ,    18.8, ,    19.9, ,    16.2, ,     8.9, ,     5.9, ,     2.9, ,    10.4, ,     1.9, ,    11.2, ,    18.5, ,    10.3, 
