2100518,FARO_(AUT)          ,YT  , station not joined, Monthly mean of homogenized daily mean temperature                     , Deg Celcius,          Updated to December 2019
2100518,FARO_(AUT)          ,YT  , station non jointe, Moyenne mensuelle des temperatures quotidiennes moyennes homogeneisees , Deg Celsius, Mise a jour jusqu a decembre 2019
 Year,     Jan, ,     Feb, ,     Mar, ,     Apr, ,     May, ,     Jun, ,     Jul, ,     Aug, ,     Sep, ,     Oct, ,     Nov, ,     Dec, ,  Annual, ,  Winter, ,  Spring, ,  Summer, ,  Autumn
Annee,    Janv, ,     Fev, ,    Mars, ,     Avr, ,     Mai, ,    Juin, ,    Juil, ,    Aout, ,    Sept, ,     Oct, ,     Nov, ,     Dec, ,  Annuel, ,   Hiver, ,Printemp, ,     Ete, , Automne
 1977, -9999.9,M, -9999.9,M, -9999.9,M, -9999.9,M, -9999.9,M, -9999.9,M, -9999.9,M, -9999.9,M, -9999.9,M, -9999.9,M, -9999.9,M,   -30.5, , -9999.9,M, -9999.9,M, -9999.9,M, -9999.9,M, -9999.9,M
 1978,   -21.9, ,   -13.9,E,    -7.3,E,     0.3, ,     7.4, ,    12.8, ,    15.3, ,    13.2, ,     8.6, ,     1.6, ,   -15.7, ,   -19.9, ,    -1.6,E,   -22.1,E,     0.1,E,    13.8, ,    -1.8, 
 1979,   -26.7,E,   -30.6,E,    -5.1, ,    -0.7,E,     6.5, ,    11.7, ,    15.1, ,    14.1, ,     8.7, ,     1.3,E,    -8.2,E,   -21.6, ,    -3.0,E,   -25.7,E,     0.2,E,    13.6, ,     0.6,E
 1980,   -26.6, ,   -11.1, ,    -8.6, ,     2.6, ,     8.6, ,    14.5, ,    14.4, ,    11.3, ,     5.1, ,     2.6, ,    -7.6, ,   -34.6, ,    -2.5, ,   -19.8, ,     0.9, ,    13.4, ,     0.0, 
 1981,    -8.9, ,   -15.8, ,    -4.0, ,    -3.3, ,    10.0, ,    11.0, ,    14.8, ,    12.8, ,     5.5, ,    -1.2, ,    -8.8, ,   -24.7, ,    -1.1, ,   -19.8, ,     0.9, ,    12.9, ,    -1.5, 
 1982,   -37.3, ,   -21.3, ,   -13.4, ,    -2.0, ,     5.6, ,    13.9, ,    15.9, ,    11.7, ,     7.6, ,    -3.8, ,   -17.6, ,   -19.0, ,    -5.0, ,   -27.8, ,    -3.3, ,    13.8, ,    -4.6, 
 1983,   -22.7, ,   -15.8, ,   -10.0, ,     1.4, ,     7.7, ,    13.3, ,    14.6, ,    11.0, ,     3.7, ,    -1.9, ,   -14.7, ,   -32.0, ,    -3.8, ,   -19.2, ,    -0.3, ,    13.0, ,    -4.3, 
 1984,   -18.6, ,    -9.7, ,    -3.1, ,     2.4, ,     6.8, ,    11.7, ,    13.7, ,    11.5, ,     5.9, ,    -3.6, ,   -16.6, ,   -24.0, ,    -2.0, ,   -20.1, ,     2.0, ,    12.3, ,    -4.8, 
 1985,    -9.0, ,   -21.2, ,    -8.5, ,    -1.9, ,     6.2, ,    10.6, ,    14.4, ,    10.4, ,     5.9, ,    -3.9, ,   -24.2, ,   -12.5, ,    -2.8, ,   -18.1, ,    -1.4, ,    11.8, ,    -7.4, 
 1986,   -12.1, ,   -15.6, ,    -8.2, ,    -4.9, ,     5.7, ,    12.3, ,    15.5, ,    10.8, ,     6.4, ,     0.6, ,   -18.6, ,   -12.9, ,    -1.8, ,   -13.4, ,    -2.5, ,    12.9, ,    -3.9, 
 1987,   -14.4, ,   -11.5, ,   -12.4, ,     0.5, ,     7.2, ,    12.1, ,    15.2, ,    12.2, ,     6.4, ,     1.9, ,    -8.4, ,   -14.5, ,    -0.5, ,   -12.9, ,    -1.6, ,    13.2, ,     0.0, 
 1988,   -21.5, ,   -12.0, ,    -4.4, ,     1.8, ,     8.3, ,    13.3, ,    14.0, ,    12.2, ,     6.0, ,    -1.8, ,   -11.7, ,   -16.1, ,    -1.0, ,   -16.0, ,     1.9, ,    13.2, ,    -2.5, 
 1989,   -26.4, ,   -19.3, ,   -14.6, ,     1.5, ,     8.9, ,    13.7, ,    16.4, ,    15.0, ,     7.2, ,    -2.6, ,   -14.9, ,   -13.1,E,    -2.4,E,   -20.6, ,    -1.4, ,    15.0, ,    -3.4, 
 1990,   -20.8,E,   -24.0,E,    -6.0, ,     1.6, ,     8.8, ,    12.8, ,    15.6,E,    13.5, ,     8.2, ,    -3.1,E,   -23.8,E,   -23.1, ,    -3.4,E,   -19.3,E,     1.5, ,    14.0,E,    -6.2,E
 1991,   -20.0, ,   -11.2, ,    -9.2, ,     1.8, ,     8.5,E,    13.3,E,    14.2,E,    11.0,E,     7.7, ,    -4.6, ,   -13.2, ,   -16.5, ,    -1.5,E,   -18.1, ,     0.4,E,    12.8,E,    -3.4, 
 1992,   -13.3, ,   -13.8, ,    -5.6, ,    -0.7, ,     5.0, ,    13.0,E,    15.3, ,    12.1, ,     1.4, ,    -4.2, ,    -9.0, ,   -22.0, ,    -1.8,E,   -14.5, ,    -0.4, ,    13.5,E,    -3.9, 
 1993,   -21.3, ,   -16.1, ,    -7.2, ,     2.6,E,     8.8, ,    13.3, ,    14.4,E,    12.0, ,     6.9, ,     0.4, ,   -11.6, ,   -14.2, ,    -1.0,E,   -19.8, ,     1.4,E,    13.2,E,    -1.4, 
 1994,   -23.9, ,   -25.6, ,    -4.4, ,     2.9, ,     7.2, ,    13.1, ,    16.2, ,    16.1, ,     5.5, ,     0.1, ,   -17.3, ,   -20.0, ,    -2.5, ,   -21.2, ,     1.9, ,    15.1, ,    -3.9, 
 1995,   -20.1, ,   -14.8, ,   -11.1, ,     3.5, ,    10.0, ,    14.4, ,    14.6, ,    11.3, ,     9.9, ,    -0.9, ,   -17.2, ,   -21.2, ,    -1.8, ,   -18.3, ,     0.8, ,    13.4, ,    -2.7, 
 1996,   -34.8, ,   -15.0, ,   -11.8, ,    -1.2, ,     5.7, ,    12.2, ,    14.7, ,    10.5, ,     5.7, ,    -6.4, ,   -18.9, ,   -23.9, ,    -5.3, ,   -23.7, ,    -2.4, ,    12.5, ,    -6.5, 
 1997,   -25.6, ,   -10.7, ,   -12.7, ,     1.2, ,     7.5, ,    13.5, ,    16.0, ,    13.0, ,     8.3, ,    -5.9, ,   -10.4, ,   -11.7, ,    -1.5, ,   -20.1, ,    -1.3, ,    14.2, ,    -2.7, 
 1998,   -25.2, ,   -10.8, ,    -8.1, ,     2.6, ,     9.5, ,    14.1, ,    15.7, ,    11.9, ,     6.3, ,    -1.3, ,   -14.3, ,   -19.8, ,    -1.6, ,   -15.9, ,     1.3, ,    13.9, ,    -3.1, 
 1999,   -23.3,E,   -17.7, ,    -7.7, ,     1.1, ,     5.7, ,    14.2, ,    14.0, ,    14.1, ,     7.4, ,     0.1, ,   -13.1, ,   -12.6, ,    -1.5,E,   -20.3,E,    -0.3, ,    14.1, ,    -1.9, 
 2000,   -18.7,E,   -10.2, ,    -4.8, ,    -1.1, ,     5.7, ,    13.6, ,    14.1, ,    10.6, ,     5.1, ,    -1.4, ,   -10.3, , -9999.9,M, -9999.9,M,   -13.8,E,    -0.1, ,    12.8, ,    -2.2, 
 2001,   -10.8, ,   -16.4, ,    -8.6, ,     0.9, ,     5.6, ,    13.3, ,    14.7, ,    14.0, ,     7.5, ,    -2.0, ,   -13.9, ,   -21.2, ,    -1.4, , -9999.9,M,    -0.7, ,    14.0, ,    -2.8, 
 2002,   -17.8, ,   -14.8, ,   -14.4, , -9999.9,M, -9999.9,M, -9999.9,M, -9999.9,M, -9999.9,M, -9999.9,M, -9999.9,M, -9999.9,M,   -14.9, , -9999.9,M,   -17.9, , -9999.9,M, -9999.9,M, -9999.9,M
 2003, -9999.9,M, -9999.9,M, -9999.9,M, -9999.9,M, -9999.9,M, -9999.9,M, -9999.9,M, -9999.9,M, -9999.9,M, -9999.9,M, -9999.9,M, -9999.9,M, -9999.9,M, -9999.9,M, -9999.9,M, -9999.9,M, -9999.9,M
 2004, -9999.9,M,    -9.2, ,    -8.7, ,     1.6, ,     8.4, ,    17.1, ,    15.9, ,    13.7, ,     4.5, ,    -1.9, ,   -11.8, , -9999.9,M, -9999.9,M, -9999.9,M,     0.4, ,    15.6, ,    -3.1, 
 2005, -9999.9,M,   -15.0, ,    -3.3, ,     2.0, ,    10.3, , -9999.9,M,    13.9, ,    13.1, ,     7.4, ,    -0.1, ,    -9.2, ,   -13.6, , -9999.9,M, -9999.9,M,     3.0, , -9999.9,M,    -0.6, 
 2006,   -20.0, ,   -13.4, ,   -11.5, ,     0.7, ,     7.1, ,    13.8, ,    15.5, ,    12.3, ,     7.9, ,    -0.5, ,   -26.5, ,   -13.0, ,    -2.3, ,   -15.7, ,    -1.2, ,    13.9, ,    -6.4, 
 2007,   -15.9, ,   -21.3, ,   -13.8, ,     0.6, , -9999.9,M,    14.4, ,    15.9, , -9999.9,M,     6.2, ,    -1.7, ,   -10.8, ,   -21.1, , -9999.9,M,   -16.7, , -9999.9,M, -9999.9,M,    -2.1, 
 2008,   -23.9, , -9999.9,M,    -6.9, ,     0.5, ,     8.3, ,    12.0, ,    12.6, ,    11.6, ,     6.5, ,    -1.2, ,   -11.1, ,   -26.3, , -9999.9,M, -9999.9,M,     0.6, ,    12.1, ,    -1.9, 
 2009,   -23.3, ,   -19.9, ,   -12.2, ,     0.0, ,     8.1, ,    14.2, ,    16.0, ,    12.7, ,     7.8, , -9999.9,M,   -12.9, ,   -17.6, , -9999.9,M,   -23.2, ,    -1.4, ,    14.3, , -9999.9,M
 2010, -9999.9,M,   -10.7, ,    -5.2, ,     2.5, ,     8.4, ,    12.9, ,    15.0, ,    13.6, ,     6.3, ,    -0.2, ,   -10.7, ,   -23.7, , -9999.9,M, -9999.9,M,     1.9, ,    13.8, ,    -1.5, 
 2011,   -20.3, ,   -17.2, ,   -13.6, ,     0.3, ,     8.8, ,    13.2, ,    14.3, ,    11.1, ,     7.2, ,    -0.3, , -9999.9,M,   -12.6, , -9999.9,M,   -20.4, ,    -1.5, ,    12.9, , -9999.9,M
 2012,   -21.4, , -9999.9,M,    -9.0, ,     2.1, ,     6.7, ,    13.2, ,    13.8, ,    12.3, ,     7.5, , -9999.9,M,   -18.4, ,   -26.8, , -9999.9,M, -9999.9,M,    -0.1, ,    13.1, , -9999.9,M
 2013,   -18.0, , -9999.9,M,   -12.5, ,    -5.0, ,     7.4, ,    14.8, ,    15.4, ,    14.5, ,     8.8, ,     1.0, ,   -16.6, ,   -22.5, , -9999.9,M, -9999.9,M,    -3.4, ,    14.9, ,    -2.3, 
 2014,   -11.2, ,   -21.2, ,   -12.6, ,    -0.3, , -9999.9,M, -9999.9,M,    15.0, , -9999.9,M, -9999.9,M,    -0.2, , -9999.9,M,   -15.5, , -9999.9,M,   -18.3, , -9999.9,M, -9999.9,M, -9999.9,M
 2015,   -17.3, ,   -16.4, ,    -6.7, ,     1.5, ,    11.1, ,    13.3, ,    14.2, ,    11.7, ,     6.1, ,     0.9, ,   -12.2, ,   -16.5, ,    -0.9, ,   -16.4, ,     2.0, ,    13.1, ,    -1.7, 
 2016,   -13.2, ,    -9.7, ,    -3.1, ,     4.8, ,     9.7, ,    14.5, ,    15.7, ,    13.9, ,     7.2, ,    -5.0, ,   -10.6, ,   -20.9, ,     0.3, ,   -13.1, ,     3.8, ,    14.7, ,    -2.8, 
 2017,   -16.7, ,   -15.1, ,   -13.7, ,     1.6, ,     8.8, ,    13.4, ,    15.3, ,    14.1, ,     8.6, ,    -0.6, ,   -22.2, ,   -14.9, ,    -1.8, ,   -17.6, ,    -1.1, ,    14.3, ,    -4.7, 
 2018,   -19.5, ,   -22.1, ,   -10.0, ,    -1.6, ,     7.8, ,    13.3, ,    15.9, ,    12.7, ,     4.6, ,    -0.1, ,   -11.9, ,   -16.3, ,    -2.3, ,   -18.8, ,    -1.3, ,    14.0, ,    -2.5, 
 2019,   -19.0, ,   -21.0, ,    -3.5, ,     1.8, ,    10.7, ,    13.6, ,    16.1, ,    11.7, ,     8.3, ,    -1.7, ,   -11.7, ,   -16.9, ,    -1.0, ,   -18.8, ,     3.0, ,    13.8, ,    -1.7, 
