220L002,LUTSELK'E_CS        ,NWT , station not joined, Monthly mean of homogenized daily mean temperature                     , Deg Celcius,          Updated to December 2019
220L002,LUTSELK'E_CS        ,NWT , station non jointe, Moyenne mensuelle des temperatures quotidiennes moyennes homogeneisees , Deg Celsius, Mise a jour jusqu a decembre 2019
 Year,     Jan, ,     Feb, ,     Mar, ,     Apr, ,     May, ,     Jun, ,     Jul, ,     Aug, ,     Sep, ,     Oct, ,     Nov, ,     Dec, ,  Annual, ,  Winter, ,  Spring, ,  Summer, ,  Autumn
Annee,    Janv, ,     Fev, ,    Mars, ,     Avr, ,     Mai, ,    Juin, ,    Juil, ,    Aout, ,    Sept, ,     Oct, ,     Nov, ,     Dec, ,  Annuel, ,   Hiver, ,Printemp, ,     Ete, , Automne
 2000,   -24.3, ,   -18.6, ,   -13.8, ,    -7.0, ,     3.3, ,    10.8, ,    17.3, ,    11.4, ,     5.6, ,    -0.1, ,    -9.1, ,   -26.5, ,    -4.3, , -9999.9,M,    -5.8, ,    13.2, ,    -1.2, 
 2001,   -18.5, ,   -23.1, ,   -14.7, ,    -6.1, ,     4.1, ,    11.2, ,    16.4, ,    12.5, ,     9.3, ,    -2.0, ,   -10.0, ,   -20.0, ,    -3.4, ,   -22.7, ,    -5.6, ,    13.4, ,    -0.9, 
 2002,   -25.5, ,   -23.6, ,   -21.7, ,   -12.3, ,    -1.6, ,    11.5, ,    14.4, ,    11.1, ,     6.8, ,    -3.9, ,   -10.8, ,   -13.7, ,    -5.8, ,   -23.0, ,   -11.9, ,    12.3, ,    -2.6, 
 2003,   -25.7, ,   -29.4, ,   -19.8, ,    -4.3, ,     3.6, ,    10.0, , -9999.9,M, -9999.9,M, -9999.9,M,     1.6, ,   -10.4, ,   -17.6, , -9999.9,M,   -22.9, ,    -6.8, , -9999.9,M, -9999.9,M
 2004,   -29.9, ,   -20.9, ,   -19.8, ,   -10.2, ,    -4.7, ,     8.3, ,    14.1, ,     9.9, ,     5.6, ,    -3.6, ,   -13.2, ,   -27.3, ,    -7.6, ,   -22.8, ,   -11.6, ,    10.8, ,    -3.7, 
 2005,   -27.6, ,   -23.4, ,   -15.7, ,    -3.6, ,     0.2, ,     9.6, ,    13.3, ,    12.0, ,     5.4, ,     0.8, ,    -8.5, ,   -14.5, ,    -4.3, ,   -26.1, ,    -6.4, ,    11.6, ,    -0.8, 
 2006,   -21.1, ,   -18.3, ,    -9.3, ,    -2.9, ,     6.5, ,    14.1, ,    13.8, ,    13.1, ,     8.5, ,    -0.5, ,   -15.0, ,   -13.5, ,    -2.1, ,   -18.0, ,    -1.9, ,    13.7, ,    -2.3, 
 2007,   -21.7, ,   -25.4, ,   -19.8, ,    -4.5, ,     3.9, ,    10.3, ,    16.7, ,    10.6, ,     3.7, ,     0.5, ,   -12.2, ,   -23.4,E,    -5.1,E,   -20.2, ,    -6.8, ,    12.5, ,    -2.7, 
 2008,   -25.8, ,   -28.0, ,   -22.0, ,    -8.4,E,     3.9, ,    11.0, ,    15.8, , -9999.9,M,     4.8, ,     1.4, ,    -8.4, ,   -26.7, , -9999.9,M,   -25.7,E,    -8.8,E, -9999.9,M,    -0.7, 
 2009,   -25.3, ,   -24.2, ,   -20.1, ,    -6.4, ,    -1.5, ,     9.7, ,    12.5, ,    12.2, ,     9.7, ,    -2.1, ,    -8.3, ,   -21.2, ,    -5.4, ,   -25.4, ,    -9.3, ,    11.5, ,    -0.2, 
 2010,   -24.0, ,   -17.3, ,    -9.4, ,     0.4, ,     2.4, ,    12.2,E,    16.2, ,    13.4, ,     7.6, ,     0.5, ,    -8.8, ,   -19.6, ,    -2.2,E,   -20.8, ,    -2.2, ,    13.9,E,    -0.2, 
 2011,   -27.6, ,   -23.6, ,   -17.5, ,   -11.1, ,     5.1, ,    11.6, ,    16.5, ,    13.0, ,     9.1, ,     1.0, ,   -10.8, ,   -18.1, ,    -4.4, ,   -23.6, ,    -7.8, ,    13.7, ,    -0.2, 
 2012,   -22.7, ,   -17.6,E,   -16.1, ,    -7.7, ,     6.6, ,    13.0, ,    16.3, ,    14.8, ,     9.8, ,    -1.3,E,   -13.3,E,   -26.4,E,    -3.7,E,   -19.5,E,    -5.7, ,    14.7, ,    -1.6,E
 2013,   -29.4,E,   -20.0, ,   -19.0,E,   -11.6,E,     4.2, ,    13.3, ,    13.6, ,    13.2, ,     9.6, ,     1.4, ,   -13.0, ,   -29.8,E,    -5.6,E,   -25.3,E,    -8.8,E,    13.4, ,    -0.7, 
 2014,   -25.7, ,   -26.4, ,   -22.1, ,    -9.4, ,     3.0, ,    12.6, ,    17.0, ,    12.7, ,     5.8, ,     0.1, ,   -14.5, ,   -21.2, ,    -5.7, ,   -27.3,E,    -9.5, ,    14.1, ,    -2.9, 
 2015,   -25.5, ,   -27.9, ,   -17.6, ,    -5.7, ,     5.4, ,    12.3, ,    13.9, ,    14.0, ,     7.4,E,    -2.0, ,    -8.8, ,   -18.7, ,    -4.4,E,   -24.9, ,    -6.0, ,    13.4, ,    -1.1,E
 2016,   -21.2, ,   -25.7, ,   -17.4, ,    -9.7, ,     5.9, ,    13.1, ,    16.2, ,    13.6, ,     7.1, ,    -1.8, ,    -5.6, ,   -21.6, ,    -3.9, ,   -21.9, ,    -7.1, ,    14.3, ,    -0.1, 
 2017,   -20.0, ,   -21.0, ,   -18.2, ,    -7.4, ,     6.4, ,    11.3, , -9999.9,M, -9999.9,M, -9999.9,M, -9999.9,M, -9999.9,M, -9999.9,M, -9999.9,M,   -20.9, ,    -6.4, , -9999.9,M, -9999.9,M
