3010890,BROWNFIELD          ,ALTA, station not joined, Monthly mean of homogenized daily mean temperature                     , Deg Celcius,          Updated to December 2019
3010890,BROWNFIELD          ,ALTA, station non jointe, Moyenne mensuelle des temperatures quotidiennes moyennes homogeneisees , Deg Celsius, Mise a jour jusqu a decembre 2019
 Year,     Jan, ,     Feb, ,     Mar, ,     Apr, ,     May, ,     Jun, ,     Jul, ,     Aug, ,     Sep, ,     Oct, ,     Nov, ,     Dec, ,  Annual, ,  Winter, ,  Spring, ,  Summer, ,  Autumn
Annee,    Janv, ,     Fev, ,    Mars, ,     Avr, ,     Mai, ,    Juin, ,    Juil, ,    Aout, ,    Sept, ,     Oct, ,     Nov, ,     Dec, ,  Annuel, ,   Hiver, ,Printemp, ,     Ete, , Automne
 1958, -9999.9,M, -9999.9,M, -9999.9,M, -9999.9,M, -9999.9,M, -9999.9,M, -9999.9,M, -9999.9,M,    10.5, ,     6.6, ,    -6.1, ,   -10.9, , -9999.9,M, -9999.9,M, -9999.9,M, -9999.9,M,     3.7, 
 1959,   -19.6, ,   -13.6, ,     0.1, ,     4.3, ,     7.6, ,    14.1, ,    18.2, ,    13.9, ,     8.9, ,     2.4, ,    -6.2, ,    -4.1, ,     2.2, ,   -14.7, ,     4.0, ,    15.4, ,     1.7, 
 1960,   -14.5, ,   -12.1, ,    -8.2, ,     4.4, ,     8.4, ,    12.6, ,    18.8, ,    15.7, ,    11.1, ,     5.8, ,    -6.5, ,    -8.2, ,     2.3, ,   -10.2, ,     1.5, ,    15.7, ,     3.5, 
 1961,    -9.7, ,    -9.9, ,    -2.7, ,     2.2, ,    11.2, ,    17.9, ,    17.4, ,    19.6, ,     8.1, ,     3.9, ,    -6.6, ,   -17.6, ,     2.8, ,    -9.3, ,     3.6, ,    18.3, ,     1.8, 
 1962,   -12.5, ,   -16.0, ,   -10.7, ,     5.3, ,     9.8, ,    15.8, ,    15.2, ,    15.4, ,    11.3, ,     7.2, ,    -0.1, ,    -8.3, ,     2.7, ,   -15.4, ,     1.5, ,    15.5, ,     6.1, 
 1963,   -16.8, ,    -6.8, ,    -1.5, ,     4.2, ,     9.1, ,    14.9, ,    17.5, ,    16.7, ,    14.3, ,     8.4, ,    -5.9, ,   -10.7, ,     3.6, ,   -10.6, ,     3.9, ,    16.4, ,     5.6, 
 1964,   -11.0, ,    -4.0, ,    -8.7, ,     4.0, ,    10.9, ,    14.1, ,    18.2, ,    15.5, ,     8.4, ,     6.4, ,    -4.9, ,   -20.5, ,     2.4, ,    -8.6, ,     2.1, ,    15.9, ,     3.3, 
 1965,   -17.4, ,   -13.4, ,   -11.7, ,     2.4, ,     9.4, ,    13.7, ,    17.4, ,    17.5, ,     4.8, ,     7.5, ,    -8.3, ,   -11.8, ,     0.8, ,   -17.1, ,     0.0, ,    16.2, ,     1.3, 
 1966,   -24.1, ,   -12.7, ,    -4.8, ,     1.3, ,    11.5, ,    12.9, ,    16.8, ,    14.6, ,    13.0, ,     4.0, ,   -10.1, ,   -11.3, ,     0.9, ,   -16.2, ,     2.7, ,    14.8, ,     2.3, 
 1967,   -16.6, ,   -11.2, ,   -10.8, ,    -2.1, ,     9.4, ,    12.7, ,    17.3, ,    18.1, ,    15.4, ,     4.8, ,    -3.7, ,   -11.4, ,     1.8, ,   -13.0, ,    -1.2, ,    16.0, ,     5.5, 
 1968,   -15.9, ,    -8.6, ,     1.2, ,     3.8, ,     9.6, ,    14.0, ,    16.6, ,    13.6, ,    10.1, ,     4.6, ,    -2.3, ,   -15.8, ,     2.6, ,   -12.0, ,     4.9, ,    14.7, ,     4.1, 
 1969,   -28.3, ,   -13.6, ,    -8.7, ,     6.4, ,    10.5, ,    13.9, ,    15.7, ,    17.0, ,    10.4, ,     0.9, ,    -2.7, ,    -7.6, ,     1.2, ,   -19.2, ,     2.7, ,    15.5, ,     2.9, 
 1970,   -17.7, ,    -8.6, ,    -9.6, ,     2.4, ,     9.9, ,    17.6, ,    17.2, ,    16.8, ,     9.8, ,     3.1, ,    -9.5, ,   -17.1, ,     1.2, ,   -11.3, ,     0.9, ,    17.2, ,     1.1, 
 1971,   -19.2, ,    -9.8, ,    -8.5, ,     3.0, ,    12.0, ,    14.2, ,    15.3, ,    19.5, ,     9.5, ,     4.0, ,    -4.2, ,   -18.1, ,     1.5, ,   -15.4, ,     2.2, ,    16.3, ,     3.1, 
 1972,   -19.8, ,   -16.8, ,    -5.7, ,     3.3, ,    11.5, ,    15.4, ,    13.9, ,    17.8, ,     6.4, ,     2.3, ,    -3.5, ,   -16.2, ,     0.7, ,   -18.2, ,     3.0, ,    15.7, ,     1.7, 
 1973,   -11.0, ,   -10.5, ,    -2.3, ,     2.6, ,    11.3, ,    14.5, ,    16.2, ,    16.0, ,    10.4, ,     4.8, ,   -13.0, ,   -12.2, ,     2.2, ,   -12.6, ,     3.9, ,    15.6, ,     0.7, 
 1974,   -18.4, ,    -9.5, ,   -10.8, ,     2.7, ,     7.7, ,    15.8, ,    16.9, ,    13.8, ,     9.2, ,     7.2, ,    -2.9, ,    -6.8, ,     2.1, ,   -13.4, ,    -0.1, ,    15.5, ,     4.5, 
 1975,   -13.1, ,   -16.4, ,   -10.4, ,    -1.5, ,     9.2, ,    12.9, ,    17.8, ,    13.1, ,    11.1, ,     3.6, ,    -3.8, ,   -12.2, ,     0.9, ,   -12.1, ,    -0.9, ,    14.6, ,     3.6, 
 1976,   -12.6, ,    -7.9, ,    -6.2, ,     7.0, ,    12.0, ,    12.7, ,    17.1, ,    17.3, ,    13.0, ,     3.9, ,    -2.7, ,    -9.7, ,     3.7, ,   -10.9, ,     4.3, ,    15.7, ,     4.7, 
 1977,   -14.5, ,    -3.2, ,    -2.7, ,     7.3, ,    11.1, ,    15.6, ,    16.1, ,    12.6, ,     9.6, ,     5.1, ,    -6.5, ,   -17.4, ,     2.8, ,    -9.1, ,     5.2, ,    14.8, ,     2.7, 
 1978,   -19.4, ,   -14.1, ,    -4.8, ,     4.3, ,    10.6, ,    15.5, ,    16.5, ,    15.3, ,    10.8, ,     6.6, ,    -7.4, ,   -12.8, ,     1.8, ,   -17.0, ,     3.4, ,    15.8, ,     3.3, 
 1979,   -17.5, ,   -22.3, ,    -3.1, ,     0.7, ,     8.1, ,    14.7, ,    17.7, ,    16.6, ,    13.1, ,     6.5, ,    -3.0, ,    -8.5,E,     1.9,E,   -17.5, ,     1.9, ,    16.3, ,     5.5, 
 1980,   -16.6, ,   -10.6, ,    -8.2, ,     8.9, ,    12.6, ,    15.3, ,    16.1, ,    13.2, ,     9.9, ,     6.5, ,    -0.7, ,   -15.1, ,     2.6, ,   -11.9,E,     4.4, ,    14.9, ,     5.2, 
 1981,    -5.8, ,    -7.7, ,    -0.1,E,     5.2, ,    12.2, ,    12.9, ,    17.2, ,    19.5,E,    12.8, ,     3.9,E,    -0.2, ,   -10.1, ,     5.0,E,    -9.5, ,     5.8,E,    16.5,E,     5.5,E
 1982,   -23.6, ,   -15.4,E,    -8.5, ,    -0.1, ,     9.0, ,    14.5, ,    15.8, ,    13.9, ,    10.6, ,     5.5, ,    -9.0,E,   -10.1, ,     0.2,E,   -16.4,E,     0.1, ,    14.7, ,     2.4,E
 1983,   -10.8,E,    -7.8, ,    -3.4, ,     4.8, ,     9.8, ,    14.1, ,    16.9, ,    18.0,E,     8.7, ,     4.9, ,    -3.1, ,   -21.2,E,     2.6,E,    -9.6,E,     3.7, ,    16.3,E,     3.5, 
 1984,    -9.4, ,    -4.8, ,    -4.8, ,     6.4, ,     9.2, ,    14.6, ,    17.1, ,    18.2, ,     8.1, ,     1.8, ,    -9.3, ,   -17.3, ,     2.5, ,   -11.8,E,     3.6, ,    16.6, ,     0.2, 
 1985,   -11.6, ,   -13.1, ,    -3.4, ,     5.2, ,    12.2, ,    12.9, ,    17.3, ,    14.4, ,     6.9, ,     4.1, ,   -13.7, ,    -7.0, ,     2.0, ,   -14.0, ,     4.7, ,    14.9, ,    -0.9, 
 1986,    -5.4, ,   -13.4, ,     1.6, ,     3.8, ,    11.9, ,    14.9, ,    14.7, ,    15.8, ,     8.2, ,     6.8, ,    -8.7, ,    -6.7, ,     3.6, ,    -8.6, ,     5.8, ,    15.1, ,     2.1, 
 1987,    -6.5, ,    -5.8, ,    -4.8, ,     7.6, ,    12.3, ,    16.9, ,    16.7, ,    12.9,E,    13.1, ,     5.6,E,    -0.6, ,    -6.6, ,     5.1,E,    -6.3, ,     5.0, ,    15.5,E,     6.0,E
 1988,   -13.6, ,    -9.4, ,     0.2, ,     5.9, ,    13.2, ,    17.8,E,    16.6, ,    15.4, ,    10.6, ,     6.5, ,    -4.5, ,    -9.2, ,     4.1,E,    -9.9, ,     6.4, ,    16.6,E,     4.2, 
 1989,   -11.0, ,   -15.5, ,    -9.2, ,     5.1, ,    10.1, ,    15.4, ,    18.5, ,    16.6, ,    11.2, ,     4.7, ,    -3.4, ,   -10.0, ,     2.7, ,   -11.9, ,     2.0, ,    16.8, ,     4.2, 
 1990,    -9.5, ,   -11.4, ,    -2.0, ,     4.4, ,    10.5, ,    14.6,E,    16.3,E,    16.3, ,    12.8, ,     3.4,E,    -6.6, ,   -15.5, ,     2.8,E,   -10.3, ,     4.3, ,    15.7,E,     3.2,E
 1991,   -12.8,E,    -1.8, ,    -4.2, ,     5.9, ,    10.3,E,    14.2, ,    16.6,E,    18.5, ,    11.2, ,     0.1,E,    -6.2, ,    -8.6, ,     3.6,E,   -10.0,E,     4.0,E,    16.4,E,     1.7,E
 1992,    -7.4, ,    -7.1, ,     1.6, ,     6.0, ,     9.4, ,    15.1, ,    15.0,E,    15.1, ,     8.8, ,     4.1,E,    -3.1, ,   -15.6, ,     3.5,E,    -7.7, ,     5.7, ,    15.1,E,     3.3,E
 1993,   -15.5, ,   -12.2, ,    -2.8, ,     4.7, ,    11.4, ,    13.6, ,    14.4,E,    14.8, ,    10.1, ,     5.0, ,    -5.1, ,    -6.6, ,     2.7,E,   -14.4, ,     4.4, ,    14.3,E,     3.3, 
 1994,   -16.7, ,   -18.9, ,    -0.3, ,     5.4, ,    11.2, ,    14.2, ,    17.5, ,    15.9, ,    13.6, ,     4.6, ,    -4.5, ,   -10.1, ,     2.7, ,   -14.1, ,     5.4, ,    15.9, ,     4.6, 
 1995,   -12.2, ,    -9.3, ,    -3.2, ,     2.9, ,    10.6, ,    15.8, ,    16.2,E,    13.9, ,    11.7, ,     4.0, ,    -8.5, ,   -15.8, ,     2.2,E,   -10.5, ,     3.4, ,    15.3,E,     2.4, 
 1996,   -20.8, ,   -10.7,E,    -8.6,E,     4.7, ,     7.7, ,    13.9,E,    16.8, ,    17.4, ,     9.6, ,     3.6, ,   -11.5, ,   -17.0, ,     0.4,E,   -15.8,E,     1.3,E,    16.0,E,     0.6, 
 1997,   -18.2, ,    -6.4, ,    -5.7, ,     2.1, ,    10.4, ,    15.2,E,    17.1,E,    17.2,E,    13.4, ,     3.6, ,    -2.4, ,    -3.5, ,     3.6,E,   -13.9, ,     2.3, ,    16.5,E,     4.9, 
 1998,   -17.5, ,    -4.6, ,    -4.0, ,     7.1, ,    13.9, ,    14.8, ,    19.4,E,    19.5, ,    13.3, ,     6.2, ,    -4.1, ,   -11.0, ,     4.4,E,    -8.5, ,     5.7, ,    17.9,E,     5.1, 
 1999,   -13.7,E,    -6.8, ,    -3.3, ,     5.5, ,     9.3, ,    13.4, ,    14.5, ,    16.6, ,    10.4, ,     5.5,E,    -1.1, ,    -3.2, ,     3.9,E,   -10.5,E,     3.8, ,    14.8, ,     4.9,E
 2000,   -14.1,E,   -10.6, ,    -2.7, ,     4.3, ,     9.6, ,    13.5, ,    18.0, ,    16.0, ,    10.6, ,     5.3, ,    -5.5, ,   -14.4, ,     2.5,E,    -9.3,E,     3.7, ,    15.8, ,     3.5, 
 2001,    -5.6, ,   -14.1, ,    -2.0, ,     5.2, ,    11.7, ,    13.3, ,    18.0,E,    19.6, ,    13.4,E,     3.6, ,    -1.0, ,   -12.0,E,     4.2,E,   -11.4, ,     5.0, ,    17.0,E,     5.3,E
 2002,   -11.6,E,    -6.9,E,   -14.2,E,    -0.4,E,     9.0,E,    17.6,E,    20.1, ,    15.6,E,    10.4,E,     0.8,E,    -0.8, ,    -6.7, ,     2.7,E,   -10.2,E,    -1.9,E,    17.8,E,     3.5,E
 2003,   -13.7,E,   -11.0,E,    -7.9, ,     5.0,E,     9.9,E,    14.3,E,    18.3, ,    19.7, ,    10.8,E,     6.9,E,    -9.2,E,    -8.1,E,     2.9,E,   -10.5,E,     2.3,E,    17.4,E,     2.8,E
 2004,   -16.0, ,    -7.6, ,    -1.0, ,     5.8, ,     8.8, ,    13.9, ,    17.0, ,    15.0, ,    10.0, ,     1.8, ,    -1.4, ,    -9.6, ,     3.1, ,   -10.6,E,     4.5, ,    15.3, ,     3.5, 
 2005,   -14.3, ,    -8.5, ,    -3.2, ,     6.1, ,    10.0, ,    13.6, ,    17.4, ,    14.4, ,    10.4, ,     5.3, ,    -0.8, ,    -7.1, ,     3.6, ,   -10.8, ,     4.3, ,    15.1, ,     5.0, 
 2006,    -5.2, ,    -7.5, ,    -6.3, ,     7.4,E,    12.1, ,    15.8,E,    19.4, ,    16.3, ,    12.3, ,     2.7, ,    -9.3, ,    -7.4,E,     4.2,E,    -6.6, ,     4.4,E,    17.2,E,     1.9, 
 2007,    -9.5,E,   -13.3, ,    -2.1, ,     3.9,E,    10.9,E,    15.5,E,    21.5,E,    15.6,E,    10.4,E,     5.7,E,    -4.7, , -9999.9,M, -9999.9,M,   -10.1,E,     4.2,E,    17.5,E,     3.8,E
 2008,   -14.0, ,   -11.3, ,    -2.6, ,     1.4, ,    11.2, ,    14.6, ,    17.1, ,    17.4, ,    11.5, ,     5.8, ,    -0.9, ,   -16.5, ,     2.8, , -9999.9,M,     3.3, ,    16.4, ,     5.5, 
 2009,   -12.5, ,   -10.3, ,    -9.5, ,     3.2, ,     8.7, , -9999.9,M, -9999.9,M, -9999.9,M, -9999.9,M, -9999.9,M, -9999.9,M, -9999.9,M, -9999.9,M,   -13.1, ,     0.8, , -9999.9,M, -9999.9,M
