3073140,HIGH_LEVEL          ,ALTA, station not joined, Monthly mean of homogenized daily mean temperature                     , Deg Celcius,          Updated to December 2019
3073140,HIGH_LEVEL          ,ALTA, station non jointe, Moyenne mensuelle des temperatures quotidiennes moyennes homogeneisees , Deg Celsius, Mise a jour jusqu a decembre 2019
 Year,     Jan, ,     Feb, ,     Mar, ,     Apr, ,     May, ,     Jun, ,     Jul, ,     Aug, ,     Sep, ,     Oct, ,     Nov, ,     Dec, ,  Annual, ,  Winter, ,  Spring, ,  Summer, ,  Autumn
Annee,    Janv, ,     Fev, ,    Mars, ,     Avr, ,     Mai, ,    Juin, ,    Juil, ,    Aout, ,    Sept, ,     Oct, ,     Nov, ,     Dec, ,  Annuel, ,   Hiver, ,Printemp, ,     Ete, , Automne
 1967, -9999.9,M, -9999.9,M, -9999.9,M, -9999.9,M, -9999.9,M, -9999.9,M,    16.2, ,    15.9, ,    10.8, ,     1.9, ,    -7.9, ,   -18.7, , -9999.9,M, -9999.9,M, -9999.9,M, -9999.9,M,     1.6, 
 1968,   -26.4, ,   -15.7, ,    -5.3, ,     1.5, ,     8.7, ,    12.9, ,    13.7, ,    12.2, ,     7.0, ,     1.6, ,   -10.6, ,   -24.8, ,    -2.1, ,   -20.3, ,     1.6, ,    12.9, ,    -0.7, 
 1969,   -32.8, ,   -18.5, ,    -9.6, ,     3.9, ,     8.7, ,    12.6, ,    14.8, ,    12.7, ,     7.5, ,    -0.3, ,   -11.8, ,   -11.8, ,    -2.1, ,   -25.4, ,     1.0, ,    13.4, ,    -1.5, 
 1970,   -23.9, ,   -14.9, ,    -9.4, ,     1.7, ,     9.0, ,    14.8, ,    15.5, ,    14.0, ,     7.4, ,    -0.5, ,   -13.0, ,   -22.6, ,    -1.8, ,   -16.9, ,     0.4, ,    14.8, ,    -2.0, 
 1971,   -28.8, ,   -17.4, ,   -11.7, ,     3.1, ,    10.9, ,    15.5, ,    16.6, ,    15.7, ,     8.0, ,     1.2, ,   -12.6, ,   -24.5, ,    -2.0, ,   -22.9, ,     0.8, ,    15.9, ,    -1.1, 
 1972,   -28.3, ,   -24.8, ,   -11.1, ,    -2.8, ,    11.0, ,    14.4, ,    14.7, ,    14.9, ,     4.6, ,    -0.8, ,   -10.4, ,   -22.9, ,    -3.5, ,   -25.9, ,    -1.0, ,    14.7, ,    -2.2, 
 1973,   -20.5, ,   -18.0, ,    -8.1, ,     3.1, ,    12.6, ,    13.9, ,    16.3, ,    13.2, ,     9.3, ,     1.7, ,   -17.5, ,   -20.5, ,    -1.2, ,   -20.5, ,     2.5, ,    14.5, ,    -2.2, 
 1974,   -26.5, ,   -19.9, ,   -16.1, ,     2.2, ,     8.2, ,    15.2, ,    14.4, ,    13.0, ,     6.6, ,     1.0, ,    -8.0, ,   -14.5, ,    -2.0, ,   -22.3, ,    -1.9, ,    14.2, ,    -0.1, 
 1975,   -23.1, ,   -19.3, ,   -12.5, ,     1.5, ,     9.5, ,    14.2, ,    18.4, ,    13.0, ,    10.2, ,     1.2, ,   -14.4, ,   -22.5, ,    -2.0, ,   -19.0, ,    -0.5, ,    15.2, ,    -1.0, 
 1976,   -20.7, ,   -19.8, ,   -11.7, ,     6.0, ,    11.0, ,    13.2, ,    15.8, ,    16.0, ,    11.2, ,     1.1, ,    -5.6, ,   -18.2, ,    -0.1, ,   -21.0, ,     1.8, ,    15.0, ,     2.2, 
 1977,   -17.5, ,    -7.4, ,    -7.5, ,     4.7, ,    11.2, ,    14.1, ,    14.8, ,    12.3, ,     9.9, ,     2.9, ,   -12.9, ,   -24.7, ,     0.0, ,   -14.4, ,     2.8, ,    13.7, ,     0.0, 
 1978,   -22.2, ,   -13.7, ,    -9.2, ,     1.1, ,     8.9, ,    14.2, ,    14.8, ,    13.1, ,     9.2, ,     3.1, ,   -12.0, ,   -20.8, ,    -1.1, ,   -20.2, ,     0.3, ,    14.0, ,     0.1, 
 1979,   -22.3, ,   -28.4, ,   -12.9, ,    -3.6, ,     7.4, ,    13.8, ,    18.0, ,    14.0, ,     9.5, , -9999.9,M, -9999.9,M,   -15.4, , -9999.9,M,   -23.8, ,    -3.0, ,    15.3, , -9999.9,M
 1980,   -22.1, ,   -13.9, ,    -9.4, ,     6.6, ,    10.1, ,    15.4, ,    16.0, ,    13.2, ,     6.4, ,     4.5, ,    -7.3, ,   -28.3, ,    -0.7, ,   -17.1, ,     2.4, ,    14.9, ,     1.2, 
 1981,   -10.9, ,   -16.3, ,    -4.6, ,    -1.3, ,    11.7, ,    13.3, ,    16.6, ,    16.7, ,     9.8, ,    -0.2, ,    -7.8, ,   -19.6, ,     0.6, ,   -18.5, ,     1.9, ,    15.5, ,     0.6, 
 1982,   -32.6, ,   -21.0, ,   -13.5, ,    -0.6, ,     8.3, ,    14.6, ,    17.5, ,    11.3, ,     9.4, ,     1.6, ,   -16.2, ,   -19.6, ,    -3.4, ,   -24.4, ,    -1.9, ,    14.5, ,    -1.7, 
 1983,   -21.8, ,   -17.3, ,   -12.7, ,     1.2, ,     7.0, ,    14.1, ,    16.4, ,    15.0, ,     6.1, ,     1.2, ,    -7.0, ,   -25.0, ,    -1.9, ,   -19.6, ,    -1.5, ,    15.2, ,     0.1, 
 1984,   -20.3, ,   -13.0, ,    -8.8, ,     5.3, ,     8.2, ,    14.1, ,    16.3, ,    15.4, ,     6.2, ,    -2.0, ,   -16.4, ,   -26.6, ,    -1.8, ,   -19.4, ,     1.6, ,    15.3, ,    -4.1, 
 1985,   -15.4, ,   -24.1, ,    -6.8, ,     1.3, ,     9.5, ,    13.6, ,    14.9, ,    12.0, ,     6.4, ,    -1.3, ,   -19.8, ,   -14.9, ,    -2.1, ,   -22.0, ,     1.3, ,    13.5, ,    -4.9, 
 1986,   -16.9, ,   -17.5, ,    -9.0, ,    -0.3, ,     9.9, ,    13.0, ,    16.0, ,    13.7, ,     7.8, ,     1.0, ,   -18.5, ,   -12.8, ,    -1.1, ,   -16.4, ,     0.2, ,    14.2, ,    -3.2, 
 1987,   -14.6, ,   -12.4, ,   -13.5, ,     4.0, ,     9.7, ,    14.4, ,    15.7, ,    12.2, ,     9.5, ,     1.9, ,    -8.2, ,   -13.7, ,     0.4, ,   -13.3, ,     0.1, ,    14.1, ,     1.1, 
 1988,   -20.4, ,   -18.3, ,    -6.4, ,     2.7, ,     8.6, ,    14.2, ,    15.5, ,    14.3, ,     7.5, ,     1.0, ,   -13.6, ,   -16.2, ,    -0.9, ,   -17.5, ,     1.6, ,    14.7, ,    -1.7, 
 1989,   -22.7, ,   -16.7, ,   -16.7, ,     0.6, ,     9.6, ,    14.7, ,    16.9, ,    16.5, ,     7.6, ,     0.5, ,   -16.9, ,   -18.0, ,    -2.1, ,   -18.5, ,    -2.2, ,    16.0, ,    -2.9, 
 1990,   -22.7, ,   -23.8, ,    -6.9, ,     1.6, ,    10.3, ,    14.2, ,    17.3, ,    15.0, ,     9.5, ,    -2.1, ,   -18.8, ,   -25.5, ,    -2.7, ,   -21.5, ,     1.7, ,    15.5, ,    -3.8, 
 1991,   -18.9, ,   -13.4, ,   -10.2, ,     4.5, ,    10.9, ,    14.9, ,    15.9, ,    15.7, ,     8.2, ,    -3.4, ,   -13.6, ,   -17.7, ,    -0.6, ,   -19.3, ,     1.7, ,    15.5, ,    -2.9, 
 1992,   -18.2, ,   -15.4, ,    -3.6, ,     1.8, ,     8.0, ,    14.5, ,    15.1, ,    13.9, ,     4.5, ,     0.4, ,    -7.8, ,   -22.6, ,    -0.8, ,   -17.1, ,     2.1, ,    14.5, ,    -1.0, 
 1993,   -19.4, ,   -15.4, ,    -3.1, ,     4.1, ,    10.0, ,    14.0, ,    15.1, ,    14.2, ,     8.6, ,     0.9, ,   -11.2, ,   -16.6, ,     0.1, ,   -19.1, ,     3.7, ,    14.4, ,    -0.6, 
 1994,   -24.1, ,   -25.7, ,    -3.6, ,     2.8, ,    11.3, ,    15.0, ,    18.0, ,    16.4, ,     9.1, ,     1.9, ,   -13.5, ,   -18.2, ,    -0.9, ,   -22.1, ,     3.5, ,    16.5, ,    -0.8, 
 1995,   -15.5, ,   -17.9, ,   -12.4, ,     0.1, ,    10.6, ,    15.4, ,    14.6, ,    12.9, ,    10.9, ,     0.5, ,   -15.8, ,   -21.4, ,    -1.5, ,   -17.2, ,    -0.6, ,    14.3, ,    -1.5, 
 1996,   -29.8, ,   -18.0, ,   -15.0, ,     0.3, ,     6.5, ,    13.9, ,    16.2, ,    14.5, ,     8.6, ,    -1.7, ,   -15.4, ,   -23.1, ,    -3.6, ,   -23.1, ,    -2.7, ,    14.9, ,    -2.8, 
 1997,   -23.8, ,   -12.6,E,   -13.1, ,    -0.8, ,     8.0, ,    14.8, ,    17.0, ,    15.4, ,    10.1, ,    -1.7, ,    -8.6, ,   -12.7, ,    -0.7,E,   -19.8,E,    -2.0, ,    15.7, ,    -0.1, 
 1998,   -25.1, ,   -11.1, ,    -6.7, ,     5.7, ,    12.6, ,    15.3, ,    18.2, ,    15.5, ,     9.3, ,     2.8, ,    -8.7, ,   -18.6, ,     0.8, ,   -16.3, ,     3.9, ,    16.3, ,     1.1, 
 1999,   -21.8, ,   -13.6, ,    -5.7, ,     3.8, ,     8.9, ,    13.4, ,    14.8, ,    15.6, ,     9.3, ,     1.8, ,    -8.4, ,   -14.5, ,     0.3, ,   -18.0, ,     2.3, ,    14.6, ,     0.9, 
 2000,   -22.6, ,   -12.7, ,    -5.4, ,     1.0, ,     7.6, ,    13.1, ,    17.1, ,    13.1, ,     7.5, ,     0.6, ,    -9.9, ,   -23.0, ,    -1.1, ,   -16.6, ,     1.1, ,    14.4, ,    -0.6, 
 2001,   -12.7, ,   -17.7, ,    -9.4, ,     2.3, ,     8.8, ,    14.6, ,    17.2, ,    15.8, ,    10.2, ,     0.2, ,    -8.0, ,   -20.6, ,     0.1, ,   -17.8, ,     0.6, ,    15.9, ,     0.8, 
 2002,   -20.7, ,   -14.4, ,   -16.1, ,    -3.7, ,     5.8, ,    15.6, ,    16.3, ,    14.1, ,     7.4, ,    -1.7, ,    -8.7, ,   -12.9, ,    -1.6, ,   -18.6, ,    -4.7, ,    15.3, ,    -1.0, 
 2003,   -19.9, ,   -17.7, ,   -12.2, ,     2.6, ,     9.2, ,    13.3, ,    17.0, ,    14.9, ,     8.5, ,     3.2, ,   -12.9, ,   -15.0, ,    -0.8, ,   -16.8, ,    -0.1, ,    15.1, ,    -0.4, 
 2004,   -24.2, ,   -14.2, ,    -9.1, ,     3.2, ,     5.5, ,    14.3, ,    18.2, ,    13.8, ,     6.7, ,    -1.4, ,   -10.1, ,   -20.5, ,    -1.5, ,   -17.8, ,    -0.1, ,    15.4, ,    -1.6, 
 2005,   -22.7, ,   -16.1, ,    -7.2, ,     4.5, ,     9.8, ,    14.0, ,    15.8, ,    13.1, ,     8.7, ,     2.7, ,    -6.4, ,   -10.7, ,     0.5, ,   -19.8, ,     2.4, ,    14.3, ,     1.7, 
 2006,   -17.1, ,   -13.7, ,    -9.2, ,     5.6, ,    10.9, ,    15.8, ,    16.7, ,    14.4, ,    11.2, ,     0.9,E,   -18.2, ,   -13.2, ,     0.3,E,   -13.8, ,     2.4, ,    15.6, ,    -2.0,E
 2007,   -15.7, ,   -20.6, ,   -12.6, ,     2.1, ,     8.9,E,    14.6, ,    18.3, ,    12.8, ,     7.0, ,     2.3, ,   -10.3, ,   -18.2, ,    -1.0,E,   -16.5, ,    -0.5,E,    15.2, ,    -0.3, 
 2008,   -20.2, ,   -19.6, ,   -11.2, ,    -1.2, ,    10.3, ,    14.7, ,    16.6, ,    15.3, ,     8.5, ,     2.9, ,    -7.4, ,   -24.3, ,    -1.3, ,   -19.3, ,    -0.7, ,    15.5, ,     1.3, 
 2009,   -22.0, ,   -18.2, ,   -14.2, ,     1.3, ,     6.5, ,    13.8, ,    15.9, ,    14.3, ,    12.3, ,    -0.5, ,    -8.8, ,   -20.8, ,    -1.7, ,   -21.5, ,    -2.1, ,    14.7, ,     1.0, 
 2010,   -19.3, ,   -12.2, ,    -4.3, ,     4.4, ,     8.5, ,    14.4, ,    17.1, ,    14.4, ,     8.3, ,     3.2, ,   -10.0, ,   -20.4, ,     0.3, ,   -17.4, ,     2.9, ,    15.3, ,     0.5, 
 2011,   -21.4, ,   -18.2, ,   -12.0, ,     1.2,E,    11.3, ,    14.2,E,    16.9, ,    15.1, ,    11.5, ,     2.9, ,   -13.9, ,   -11.3, ,    -0.3,E,   -20.0, ,     0.2,E,    15.4,E,     0.2, 
 2012, -9999.9,M, -9999.9,M, -9999.9,M,     1.5, ,    10.5, ,    14.8, ,    18.9,E,    16.1, ,    11.7, ,    -2.0, ,   -14.0, ,   -20.7, , -9999.9,M, -9999.9,M, -9999.9,M,    16.6,E,    -1.4, 
 2013,   -17.8,E,   -11.4, ,   -11.7, ,    -3.0, ,    11.7, ,    16.3, ,    15.7, ,    15.7, ,    11.2, ,     2.8, ,   -12.8, ,   -23.9, ,    -0.6,E,   -16.6,E,    -1.0, ,    15.9, ,     0.4, 
 2014,   -16.5, ,   -21.1, ,   -13.1, ,     0.1, ,     8.1, ,    15.0, ,    19.1, ,    15.8, ,     8.4, ,     2.6, ,   -13.5, ,   -16.7, ,    -1.0, ,   -20.5, ,    -1.6, ,    16.6, ,    -0.8, 
 2015,   -17.2,E,   -17.9, ,    -6.7,E,     4.0, ,    10.4, ,    16.1, ,    16.8, ,    15.0, ,     8.6,E,     2.9, ,    -9.1, ,   -15.7, ,     0.6,E,   -17.3,E,     2.6,E,    16.0, ,     0.8,E
 2016,   -15.3, ,   -12.8, ,    -5.6, ,     2.1,E,    10.3, ,    15.9, ,    17.6, ,    15.8, ,     9.1,E,    -0.9, ,    -5.6, ,   -19.5, ,     0.9,E,   -14.6, ,     2.3,E,    16.4, ,     0.9,E
 2017,   -14.6, ,   -13.3, ,   -11.9, ,     2.2, ,    11.9, ,    14.7, ,    17.2, ,    16.3, ,    10.9, ,     1.4, ,   -15.3, ,   -15.0, ,     0.4, ,   -15.8, ,     0.7, ,    16.1, ,    -1.0, 
 2018,   -18.7, ,   -17.6, ,    -9.7, ,    -1.8, ,    12.8, ,    14.7,E,    16.8, ,    14.9, ,     3.5, ,    -0.2, ,   -10.5, ,   -16.1, ,    -1.0,E,   -17.1, ,     0.4, ,    15.5,E,    -2.4, 
 2019,   -18.0, ,   -23.7, ,    -4.1, ,     2.3, ,     9.0, ,    14.2, ,    16.2, ,    13.2, ,     9.1, ,     1.5, ,   -11.2, ,   -18.2, ,    -0.8, ,   -19.3, ,     2.4, ,    14.5, ,    -0.2, 
