4015560,NOKOMIS             ,SASK, station not joined, Monthly mean of homogenized daily mean temperature                     , Deg Celcius,          Updated to December 2019
4015560,NOKOMIS             ,SASK, station non jointe, Moyenne mensuelle des temperatures quotidiennes moyennes homogeneisees , Deg Celsius, Mise a jour jusqu a decembre 2019
 Year,     Jan, ,     Feb, ,     Mar, ,     Apr, ,     May, ,     Jun, ,     Jul, ,     Aug, ,     Sep, ,     Oct, ,     Nov, ,     Dec, ,  Annual, ,  Winter, ,  Spring, ,  Summer, ,  Autumn
Annee,    Janv, ,     Fev, ,    Mars, ,     Avr, ,     Mai, ,    Juin, ,    Juil, ,    Aout, ,    Sept, ,     Oct, ,     Nov, ,     Dec, ,  Annuel, ,   Hiver, ,Printemp, ,     Ete, , Automne
 1923, -9999.9,M, -9999.9,M, -9999.9,M, -9999.9,M,    11.2, ,    16.8, ,    18.6, ,    15.9, ,    11.9, ,     6.1, ,    -2.6, ,    -8.9, , -9999.9,M, -9999.9,M, -9999.9,M,    17.1, ,     5.1, 
 1924,   -18.6, ,    -8.9, ,    -5.4, ,     2.3, ,     7.6, ,    13.7, ,    18.1, ,    14.6, ,    12.3, ,     8.5, ,    -6.8, ,   -20.0, ,     1.5, ,   -12.1, ,     1.5, ,    15.5, ,     4.7, 
 1925,   -16.5, ,   -15.4, ,    -9.3, ,     6.0, ,    11.9, ,    14.8, ,    17.3, ,    17.3, ,    11.3, ,    -0.9, ,    -4.9, ,    -9.2, ,     1.9, ,   -17.3, ,     2.9, ,    16.5, ,     1.8, 
 1926,   -10.7, ,    -9.6, ,    -4.6, ,     5.0, ,    12.1, ,    13.6, ,    18.9, ,    15.7, ,     7.6, ,     3.6, ,    -9.2, ,   -17.1, ,     2.1, ,    -9.8, ,     4.2, ,    16.1, ,     0.7, 
 1927,   -18.5, ,   -16.9, ,    -7.4, ,     2.8, ,     8.0, ,    15.1, ,    17.4, ,    16.9, ,    12.2, ,     6.2, ,   -12.8, ,   -22.5, ,     0.0, ,   -17.5, ,     1.1, ,    16.5, ,     1.9, 
 1928, -9999.9,M, -9999.9,M, -9999.9,M, -9999.9,M, -9999.9,M, -9999.9,M, -9999.9,M, -9999.9,M, -9999.9,M, -9999.9,M, -9999.9,M, -9999.9,M, -9999.9,M, -9999.9,M, -9999.9,M, -9999.9,M, -9999.9,M
 1929,   -25.0, ,   -19.7, , -9999.9,M,     1.6, ,     7.5, ,    15.0, ,    18.5, ,    18.6, , -9999.9,M,     6.6, ,    -4.2, ,   -16.2, , -9999.9,M, -9999.9,M, -9999.9,M,    17.4, , -9999.9,M
 1930,   -23.7, ,   -10.7, ,    -5.1, ,     5.3, ,    10.7, ,    15.5, ,    19.0, ,    18.7, ,    11.0, ,     1.7, ,    -4.1, ,    -7.9, ,     2.5, ,   -16.9, ,     3.6, ,    17.7, ,     2.9, 
 1931,    -9.6, ,    -4.1, ,    -6.3, ,     4.9, ,    10.7, ,    17.1, ,    18.2, ,    17.9, ,    11.8, ,     6.0, ,    -5.3, ,    -8.9, ,     4.4, ,    -7.2, ,     3.1, ,    17.7, ,     4.2, 
 1932,   -16.1, ,   -15.5, ,   -11.4, ,     4.7, ,    12.5, ,    17.0, ,    17.6, ,    17.5, ,    11.7, ,     0.4, ,    -8.1, ,   -15.7, ,     1.2, ,   -13.5, ,     1.9, ,    17.4, ,     1.3, 
 1933,   -17.9, ,   -18.8, ,    -6.1, ,     2.4, ,    11.6, ,    17.4, ,    18.6, ,    18.6, ,    11.0, ,     1.1, ,    -5.1, ,   -19.8, ,     1.1, ,   -17.5, ,     2.6, ,    18.2, ,     2.3, 
 1934,   -11.8, ,    -8.0, ,    -5.1, ,     5.8, ,    13.8, ,    14.0, ,    18.1, ,    15.7, ,     7.4, ,     6.3, ,    -3.4, ,   -15.6, ,     3.1, ,   -13.2, ,     4.8, ,    15.9, ,     3.4, 
 1935,   -22.1, ,   -10.3, ,    -9.8, ,     2.0, ,     8.8, ,    13.4, ,    20.2, ,    15.0, ,    11.2, ,     2.6, ,   -12.2, ,   -12.8, ,     0.5, ,   -16.0, ,     0.3, ,    16.2, ,     0.5, 
 1936,   -23.5, ,   -29.0, ,    -7.0, ,    -0.3, ,    13.0, ,    14.7, ,    21.1, , -9999.9,M,    11.5, ,     3.0, ,    -3.1, ,   -14.5, , -9999.9,M,   -21.8, ,     1.9, , -9999.9,M,     3.8, 
 1937,   -28.6, ,   -20.5, ,    -8.0, ,     5.2, ,    10.9, ,    17.6, ,    21.0, ,    17.8, ,    11.5, ,     5.1, ,    -7.7, ,   -16.4, ,     0.7, ,   -21.2, ,     2.7, ,    18.8, ,     3.0, 
 1938,   -16.3, ,   -18.4, ,    -3.4, ,     3.9, ,     9.7, ,    14.9, ,    19.2, ,    17.0, ,    16.0, ,     8.2, ,    -7.0, ,   -13.3, ,     2.5, ,   -17.0, ,     3.4, ,    17.0, ,     5.7, 
 1939,   -13.7, ,   -23.9, ,   -10.1, ,     4.1, ,    12.4, ,    12.8, ,    19.4, ,    18.1, ,    11.1, ,     1.0, ,    -0.5, ,    -6.6, ,     2.0, ,   -17.0, ,     2.1, ,    16.8, ,     3.9, 
 1940,   -19.1, ,   -12.6, ,    -8.0, ,     2.5, ,    13.7, ,    14.6, ,    18.1, , -9999.9,M,    14.9, ,     7.7, ,   -10.6, ,   -12.6, , -9999.9,M,   -12.8, ,     2.7, , -9999.9,M,     4.0, 
 1941,   -16.8, ,   -15.7, ,    -8.2, ,     4.9, ,    12.0, ,    17.4, ,    20.5, ,    17.8, ,    10.4, ,     5.0, ,    -3.6, ,   -10.6, ,     2.8, ,   -15.0, ,     2.9, ,    18.6, ,     3.9, 
 1942,   -10.2, ,   -13.4, ,    -3.0, ,     4.3, ,     9.1, ,    13.4, ,    16.6, ,    16.7, ,    10.9, ,     5.7, ,    -7.9, ,   -16.1, ,     2.2, ,   -11.4, ,     3.5, ,    15.6, ,     2.9, 
 1943,   -20.3, ,   -13.6, ,   -13.4, ,     5.4, ,     7.9, ,    13.9, ,    19.2, ,    17.0, ,    11.1, ,     7.3, ,    -2.1, ,    -9.6, ,     1.9, ,   -16.7, ,     0.0, ,    16.7, ,     5.4, 
 1944,   -10.5, ,   -14.8, ,   -12.4, ,     6.1, ,    13.3, ,    14.1, ,    17.5, ,    16.7, ,    12.2, ,     8.2, ,    -5.4, ,   -11.8, ,     2.8, ,   -11.6, ,     2.3, ,    16.1, ,     5.0, 
 1945,   -14.5, ,   -14.7, ,    -2.5, ,     0.2, ,     8.2, ,    13.8, ,    18.3, ,    17.8, ,     8.7, ,     3.8, ,   -10.6, ,   -17.3, ,     0.9, ,   -13.7, ,     2.0, ,    16.6, ,     0.6, 
 1946,   -16.1, ,   -15.9, ,    -1.3, ,     7.4, ,     9.7, ,    13.9, ,    19.4, ,    17.1, ,    11.3, ,     1.9, ,    -9.1, ,   -17.4, ,     1.7, ,   -16.4, ,     5.3, ,    16.8, ,     1.4, 
 1947,   -14.6, ,   -19.3, ,   -10.0, ,     3.1, ,     9.1, ,    15.0, ,    21.4, ,    17.6, ,    10.3, ,     6.7, ,    -8.2, ,   -14.8, ,     1.4, ,   -17.1, ,     0.7, ,    18.0, ,     2.9, 
 1948,   -13.7, , -9999.9,M,   -13.1, ,    -2.9, ,    11.9, ,    16.4, ,    18.5, ,    18.5, ,    14.2, ,     5.7, ,    -4.6, ,   -18.5, , -9999.9,M, -9999.9,M,    -1.4, ,    17.8, ,     5.1, 
 1949,   -20.2, ,   -20.4, ,    -7.2, ,     8.1, ,    11.4, ,    14.4, ,    18.4, ,    20.2, ,    10.8, ,     2.4, ,     0.7, ,   -18.4, ,     1.7, ,   -19.7, ,     4.1, ,    17.7, ,     4.6, 
 1950,   -32.1, ,   -16.4, ,   -10.7, , -9999.9,M,     8.6, ,    15.2, ,    18.0, ,    16.1, ,    12.2, ,     4.8, ,    -9.8, ,   -16.0, , -9999.9,M,   -22.3, , -9999.9,M,    16.4, ,     2.4, 
 1951,   -21.2, ,   -16.4, ,   -15.1, ,     1.7, ,    12.2, ,    13.0, ,    17.2, ,    15.5, ,    10.0, ,     2.9, ,    -8.6, ,   -18.9, ,    -0.6, ,   -17.9, ,    -0.4, ,    15.2, ,     1.4, 
 1952,   -21.2, ,   -12.2, ,   -10.0, ,     8.8, ,    11.8, ,    14.9, , -9999.9,M,    17.5, ,    12.1, ,     4.6, ,    -2.0, ,    -9.5, , -9999.9,M,   -17.4, ,     3.5, , -9999.9,M,     4.9, 
 1953, -9999.9,M,   -12.8, ,    -8.2, ,     0.6, ,     8.8, ,    16.0, ,    18.0, ,    19.1, ,    11.4, ,     7.9, ,     0.1, ,   -10.2, , -9999.9,M, -9999.9,M,     0.4, ,    17.7, ,     6.5, 
 1954,   -23.6, ,    -6.2, ,   -10.3, ,    -1.1, ,     8.4, ,    13.9, ,    18.4, ,    16.7, ,    10.9, ,     5.2, ,     0.0, ,    -6.3, ,     2.2, ,   -13.3, ,    -1.0, ,    16.3, ,     5.4, 
 1955,   -13.9, ,   -16.1, ,   -15.0, ,     5.1, ,    10.4, ,    16.2, ,    18.7, ,    18.2, ,     9.6, ,     4.5, ,   -14.9, ,   -18.7, ,     0.3, ,   -12.1, ,     0.2, ,    17.7, ,    -0.3, 
 1956,   -18.9, ,   -17.5, ,   -11.0, ,    -0.9, ,    11.6, ,    18.3, ,    17.3, ,    17.3, ,    10.2, ,     4.1, ,    -4.8, ,   -15.5, ,     0.9, ,   -18.4, ,    -0.1, ,    17.6, ,     3.2, 
 1957,   -19.5, ,   -15.4, ,    -7.3, ,     2.1, ,    12.5, ,    14.5, ,    20.1, ,    16.8, ,    11.2, ,     1.3, ,    -4.3, ,   -11.4, ,     1.7, ,   -16.8, ,     2.4, ,    17.1, ,     2.7, 
 1958,   -11.5, ,   -15.9, ,    -6.8, , -9999.9,M,    12.6, ,    13.7, ,    17.5, ,    18.0, ,    10.9, ,     4.9, ,    -7.7, ,   -13.9, , -9999.9,M,   -12.9, , -9999.9,M,    16.4, ,     2.7, 
 1959,   -22.3, ,   -15.8, ,    -1.7, ,     4.0, ,     8.6, ,    16.1, ,    19.7, , -9999.9,M, -9999.9,M,     1.6, ,    -7.7, ,    -6.9, , -9999.9,M,   -17.3, ,     3.6, , -9999.9,M, -9999.9,M
 1960,   -18.4, ,   -15.3, ,   -11.6, ,     3.3, ,    11.2, ,    14.4, ,    20.4, ,    18.0, ,    13.3, ,     5.3, ,    -6.4, ,   -11.3, ,     1.9, ,   -13.5, ,     1.0, ,    17.6, ,     4.1, 
 1961,   -15.5, , -9999.9,M,    -3.5, ,     1.9, ,    11.2, ,    19.4, ,    19.9, ,    20.6, ,     9.6, ,     4.0, ,    -5.5, , -9999.9,M, -9999.9,M, -9999.9,M,     3.2, ,    20.0, ,     2.7, 
 1962,   -18.0, ,   -19.7, ,   -10.7, ,     4.2, ,    10.4, ,    17.1, ,    17.1, ,    17.4, ,    11.2, ,     7.0, ,    -1.2, ,   -11.3, ,     2.0, , -9999.9,M,     1.3, ,    17.2, ,     5.7, 
 1963,   -19.8, , -9999.9,M,    -4.4, ,     4.6, ,     9.7, ,    15.5, , -9999.9,M,    18.8, ,    14.2, ,     9.1, ,    -4.8, ,   -15.0, , -9999.9,M, -9999.9,M,     3.3, , -9999.9,M,     6.2, 
 1964,   -15.3, ,    -9.5, ,   -12.6, ,     4.4, ,    11.4, ,    15.4, ,    19.8, ,    15.7, ,     9.1, ,     5.4, ,    -5.9, ,   -21.2, ,     1.4, ,   -13.3, ,     1.1, ,    17.0, ,     2.9, 
 1965,   -21.4, ,   -18.9, ,   -15.1, ,     2.3, ,     9.0, ,    15.3, ,    17.7, ,    17.2, ,     5.7, ,     7.0, ,    -9.1, ,   -12.1, ,    -0.2, ,   -20.5, ,    -1.3, ,    16.7, ,     1.2, 
 1966,   -26.1, ,   -17.8, ,    -5.7, ,     0.4, ,    10.8, ,    15.0, ,    18.8, ,    17.0, ,    13.4, ,     4.3, ,   -11.4, ,   -13.1, ,     0.5, ,   -18.7, ,     1.8, ,    16.9, ,     2.1, 
 1967,   -18.1, ,   -18.0, ,   -11.9, ,    -1.1, ,    10.1, ,    14.6, ,    18.7, ,    18.0, ,    15.5, ,     3.9, ,    -4.6, ,   -13.8, ,     1.1, ,   -16.4, ,    -1.0, ,    17.1, ,     4.9, 
 1968,   -18.0, ,   -13.1, ,    -1.4, ,     4.5, ,    10.6, ,    15.4, ,    17.7, ,    15.2, ,    12.2, ,     4.8, ,    -2.4, ,   -16.3, ,     2.4, ,   -15.0, ,     4.6, ,    16.1, ,     4.9, 
 1969,   -26.1, ,   -14.8, ,   -10.9, ,     6.2, ,    11.3, ,    13.4, ,    17.3, ,    19.3, ,    12.4, ,     0.6, ,    -4.4, ,    -9.7, ,     1.2, ,   -19.1, ,     2.2, ,    16.7, ,     2.9, 
 1970,   -19.4, ,   -14.2, ,   -12.5, ,     2.5, ,     9.5, ,    18.8, ,    19.4, ,    18.0, ,    11.3, ,     4.2, ,    -7.0, ,   -18.7, ,     1.0, ,   -14.4, ,    -0.2, ,    18.7, ,     2.8, 
 1971,   -23.2, ,   -13.4, ,    -9.6, ,     3.2, ,    12.5, ,    15.7, ,    16.2, ,    19.5, ,    11.6, ,     3.9, ,    -5.7, ,   -17.4, ,     1.1, ,   -18.4, ,     2.0, ,    17.1, ,     3.3, 
 1972,   -22.8, ,   -20.4, ,    -7.4, ,     3.9, ,    12.5, ,    17.0, ,    15.3, ,    19.4, ,     7.7, ,     1.2, ,    -5.2, ,   -19.3, ,     0.2, ,   -20.2, ,     3.0, ,    17.2, ,     1.2, 
 1973,   -13.2, ,   -14.3, ,    -1.3, ,     1.7, ,    10.8, ,    15.3, ,    17.6, ,    17.9, ,    10.9, ,     5.6, ,   -12.1, ,   -15.6, ,     1.9, ,   -15.6, ,     3.7, ,    16.9, ,     1.5, 
 1974,   -22.3, ,   -13.8, ,   -12.6, ,     1.1, ,     7.5, ,    16.7, ,    19.2, ,    14.9, ,     9.3, ,     6.7, ,    -2.9, ,    -6.4, ,     1.5, ,   -17.2, ,    -1.3, ,    16.9, ,     4.4, 
 1975,   -14.5, ,   -16.8, ,   -11.4, ,     0.1, ,    10.4, ,    15.4, ,    20.3, ,    15.0, ,    10.9, ,     4.8, ,    -4.2, ,   -13.3, ,     1.4, ,   -12.6, ,    -0.3, ,    16.9, ,     3.8, 
 1976,   -15.0, ,   -10.5, ,    -9.8, ,     6.1, ,    12.6, ,    15.3, ,    18.2, ,    17.8, ,    12.4, ,     1.8, ,    -6.4, ,   -14.8, ,     2.3, ,   -12.9, ,     3.0, ,    17.1, ,     2.6, 
 1977,   -20.9, ,    -6.5, ,    -2.8, ,     6.9, ,    13.9, ,    15.7, ,    17.3, ,    12.7, ,    10.6, ,     5.9, ,    -7.0, ,   -18.6, ,     2.3, ,   -14.1, ,     6.0, ,    15.2, ,     3.2, 
 1978,   -23.1, ,   -17.1, ,    -6.8, ,     4.4, ,    12.3, ,    16.5, ,    17.5, ,    16.2, ,    11.8, ,     6.1, ,    -8.9, ,   -16.3, ,     1.1, ,   -19.6, ,     3.3, ,    16.7, ,     3.0, 
 1979,   -21.9, ,   -23.2, ,    -9.0, ,    -2.0, ,     8.0, ,    15.8, ,    19.8, ,    16.6, ,    13.3, ,     5.5, ,    -5.2, ,   -10.9, ,     0.6, ,   -20.5, ,    -1.0, ,    17.4, ,     4.5, 
 1980,   -18.2, ,   -14.1, ,    -9.7, ,     9.1, ,    14.2, ,    15.6, ,    18.5, ,    15.4, ,    11.2, ,     5.6, ,    -2.1, ,   -15.7, ,     2.5, ,   -14.4, ,     4.5, ,    16.5, ,     4.9, 
 1981,   -12.2,E,   -10.6, ,    -0.3, ,     5.4, ,    11.7, ,    14.9, ,    18.6, ,    19.4, ,    12.4, ,     3.5, ,     0.3, ,   -13.7, ,     4.1,E,   -12.8,E,     5.6, ,    17.6, ,     5.4, 
 1982,   -26.0, ,   -15.9, ,    -8.5, ,     1.8, ,     9.4, ,    14.8, ,    17.8, ,    16.1, ,    11.2,E,     5.1, ,    -8.2, ,   -11.8, ,     0.5,E,   -18.5, ,     0.9, ,    16.2, ,     2.7,E
 1983,   -12.7, ,   -10.5, ,    -6.9, ,     2.4, ,     8.4, ,    15.5,E,    18.9, ,    20.3, ,     9.9, ,     5.5, ,    -3.3, ,   -22.8, ,     2.1,E,   -11.7, ,     1.3, ,    18.2,E,     4.0, 
 1984,   -12.6, ,    -4.4, ,    -6.0, ,     6.9, ,     9.9, ,    16.1, ,    19.2, ,    20.4, ,     8.2, ,     2.5, ,    -7.7, ,   -19.3, ,     2.8, ,   -13.3, ,     3.6, ,    18.6, ,     1.0, 
 1985,   -16.6,E,   -17.0, ,    -4.9, ,     5.6, ,    12.7, ,    12.6, ,    17.8, ,    15.2, ,     8.3, ,     4.5, ,   -15.5,E,   -13.8, ,     0.7,E,   -17.6,E,     4.5, ,    15.2, ,    -0.9,E
 1986,    -9.4, ,   -15.8,E,    -1.0, ,     3.1, ,    12.5, ,    16.2, ,    17.2, ,    16.6, ,     8.9, ,     5.0, ,    -9.6,E,    -9.4,E,     2.9,E,   -13.0,E,     4.9, ,    16.7, ,     1.4,E
 1987,    -9.3, ,    -7.5, ,    -3.3, ,     8.1, ,    13.7, ,    17.8, ,    17.6, ,    14.6, ,    13.2, ,     3.8, ,    -1.2,E,    -8.1, ,     5.0,E,    -8.7,E,     6.2, ,    16.7, ,     5.3,E
 1988,   -17.5, ,   -13.9, ,    -3.9, ,     4.8, ,    14.3, ,    21.7, ,    19.4, ,    17.0, ,    10.8, ,     4.3, ,    -4.7, ,   -11.2, ,     3.4, ,   -13.2, ,     5.1, ,    19.4, ,     3.5, 
 1989,   -14.5, ,   -19.0, ,   -11.5, ,     4.1, ,    11.7, ,    15.8, ,    20.8, ,    18.5, ,    11.7,E,     4.9, ,    -6.5, ,   -16.3, ,     1.6,E,   -14.9, ,     1.4, ,    18.4, ,     3.4,E
 1990,   -12.1, ,   -13.9, ,    -3.1, ,     3.8, ,    11.1, ,    16.7, ,    17.7, ,    17.9,E,    13.6, ,     3.3, ,    -6.7, ,   -18.2,E,     2.5,E,   -14.1, ,     3.9, ,    17.4,E,     3.4, 
 1991,   -18.0, ,    -7.5, ,    -5.4, ,     6.3,E,    11.6, ,    17.0, ,    18.6,E,    19.7,E,    11.5, ,     0.9, ,    -8.0,E,   -11.6, ,     2.9,E,   -14.6,E,     4.2,E,    18.4,E,     1.5,E
 1992,   -10.8, ,    -9.8,E,    -1.3, ,     4.2,E,    10.4, ,    14.8, ,    15.6,E,    14.8,E,     9.8,E,     4.2, ,    -2.8,E,   -18.2, ,     2.6,E,   -10.7,E,     4.4,E,    15.1,E,     3.7,E
 1993,   -17.8,E,   -14.2, ,    -1.8, ,     4.1, ,    11.1, ,    13.7, ,    15.4, ,    15.8, ,     9.6,E,     3.6, ,    -7.9,E,   -10.1, ,     1.8,E,   -16.7,E,     4.5, ,    15.0, ,     1.8,E
 1994,   -21.9,E,   -20.5, ,    -2.2, ,     4.5, ,    11.8, ,    16.1, ,    17.7, ,    17.0, ,    14.2, ,     6.4, ,    -4.1, ,   -11.9, ,     2.3,E,   -17.5,E,     4.7, ,    16.9, ,     5.5, 
 1995,   -14.3, ,   -12.5,E,    -5.9, ,     0.9, ,    10.4, ,    17.7, ,    17.8, ,    16.7, ,    12.1,E,     5.1, ,    -9.2, ,   -15.5, ,     1.9,E,   -12.9,E,     1.8, ,    17.4, ,     2.7,E
 1996,   -22.9, ,   -13.1, ,   -10.6, ,     2.3, ,     9.0, ,    16.8, ,    18.3, ,    19.2, ,    11.1, ,     3.1, ,   -11.7, ,   -19.1, ,     0.2, ,   -17.2, ,     0.2, ,    18.1, ,     0.8, 
 1997,   -20.6, ,   -10.9, ,    -8.8, ,     2.2, ,    10.2, ,    17.7, ,    18.6, ,    18.5, ,    13.9, ,     4.1, ,    -4.0, ,    -5.3, ,     3.0, ,   -16.9, ,     1.2, ,    18.3, ,     4.7, 
 1998,   -17.6, ,    -5.2, ,    -7.5, ,     7.4, ,    12.7, ,    14.4, ,    19.1, ,    19.9, ,    13.9, ,     5.2, ,    -3.7, ,   -12.0, ,     3.9, ,    -9.4, ,     4.2, ,    17.8, ,     5.1, 
 1999,   -16.8, ,    -8.9, ,    -4.1, ,     6.4, ,    11.0, ,    15.1, ,    17.3, ,    18.2, ,    10.5, ,     4.2, ,    -0.6, ,    -6.7, ,     3.8, ,   -12.6, ,     4.4, ,    16.9, ,     4.7, 
 2000,   -16.1, ,   -10.0, ,    -0.4, ,     4.3, ,    11.3, ,    14.3, ,    19.4, ,    17.5, ,    12.0, ,     5.5, ,    -7.4, ,   -19.9, ,     2.5, ,   -10.9, ,     5.1, ,    17.1, ,     3.4, 
 2001,    -9.8, ,   -18.5, ,    -4.7, ,     4.6, ,    12.4, ,    15.8, ,    19.7, ,    19.9, ,    14.0, ,     3.1, ,    -0.2, ,   -12.0, ,     3.7, ,   -16.1, ,     4.1, ,    18.5, ,     5.6, 
 2002,   -14.1, ,    -8.3, ,   -13.3, ,    -0.4, ,     8.5, ,    17.3, ,    19.9, ,    16.7, ,    12.2, ,    -0.8, ,    -5.1, ,    -8.6, ,     2.0, ,   -11.5, ,    -1.7, ,    18.0, ,     2.1, 
 2003,   -16.1, ,   -16.5, ,    -8.0, ,     5.5, ,    12.5, ,    16.5, ,    19.2, ,    20.6, ,    11.6, ,     6.5, ,    -9.9, ,    -8.8, ,     2.8, ,   -13.7, ,     3.3, ,    18.8, ,     2.7, 
 2004,   -18.5, ,   -10.2, ,    -5.1, ,     4.7, ,     8.0, ,    13.6, ,    17.7, ,    14.6, ,    12.4, ,     3.9, ,    -1.3, ,   -12.0, ,     2.3, ,   -12.5, ,     2.5, ,    15.3, ,     5.0, 
 2005,   -17.1, ,   -11.7, ,    -5.3, ,     6.8, ,     9.8, ,    15.6, ,    18.6, ,    16.1, ,    12.4, ,     5.9, ,    -2.6, ,    -8.7, ,     3.3, ,   -13.6, ,     3.8, ,    16.8, ,     5.2, 
 2006,    -7.2, ,   -13.4, ,    -6.4, ,     7.9, ,    12.2, ,    17.1, ,    20.1, ,    18.9, ,    12.5,E,     2.1, ,    -6.4, ,   -10.4, ,     3.9,E,    -9.8, ,     4.6, ,    18.7, ,     2.7,E
 2007,   -12.4, ,   -16.7, ,    -3.5, ,     4.7, ,    12.1, ,    16.5, , -9999.9,M,    16.3, ,    11.5, ,     6.2, ,    -5.0, , -9999.9,M, -9999.9,M,   -13.2, ,     4.4, , -9999.9,M,     4.2, 
 2008,   -14.8, ,   -16.1, , -9999.9,M, -9999.9,M, -9999.9,M, -9999.9,M, -9999.9,M, -9999.9,M, -9999.9,M, -9999.9,M, -9999.9,M, -9999.9,M, -9999.9,M, -9999.9,M, -9999.9,M, -9999.9,M, -9999.9,M
