4010879,BROADVIEW           ,SASK, station not joined, Monthly mean of homogenized daily mean temperature                     , Deg Celcius,          Updated to December 2019
4010879,BROADVIEW           ,SASK, station non jointe, Moyenne mensuelle des temperatures quotidiennes moyennes homogeneisees , Deg Celsius, Mise a jour jusqu a decembre 2019
 Year,     Jan, ,     Feb, ,     Mar, ,     Apr, ,     May, ,     Jun, ,     Jul, ,     Aug, ,     Sep, ,     Oct, ,     Nov, ,     Dec, ,  Annual, ,  Winter, ,  Spring, ,  Summer, ,  Autumn
Annee,    Janv, ,     Fev, ,    Mars, ,     Avr, ,     Mai, ,    Juin, ,    Juil, ,    Aout, ,    Sept, ,     Oct, ,     Nov, ,     Dec, ,  Annuel, ,   Hiver, ,Printemp, ,     Ete, , Automne
 1936, -9999.9,M, -9999.9,M, -9999.9,M,    -0.2, ,    13.3, ,    15.7, ,    23.8, ,    19.1, ,    13.4, ,     2.8, , -9999.9,M, -9999.9,M, -9999.9,M, -9999.9,M, -9999.9,M,    19.5, , -9999.9,M
 1937, -9999.9,M, -9999.9,M, -9999.9,M,     4.8, ,    13.9, ,    19.5, ,    22.3, , -9999.9,M,    13.8, ,     5.4, , -9999.9,M, -9999.9,M, -9999.9,M, -9999.9,M, -9999.9,M, -9999.9,M, -9999.9,M
 1938, -9999.9,M, -9999.9,M, -9999.9,M,     4.6, ,    12.1, ,    16.6, ,    19.1, ,    17.5, ,    15.2, ,     8.3, ,    -7.5, ,   -10.8, , -9999.9,M, -9999.9,M, -9999.9,M,    17.7, ,     5.3, 
 1939,   -13.0, ,   -22.8, ,    -9.6, ,     3.1, ,    12.8, ,    12.6, ,    20.5, ,    18.6, ,    11.9, ,     1.8, ,     0.0, ,    -5.3, ,     2.6, ,   -15.5, ,     2.1, ,    17.2, ,     4.6, 
 1940,   -18.3, ,   -13.1, ,    -8.6, ,     1.0, ,    11.7, ,    14.6, ,    18.3, ,    17.7, ,    14.3, ,     8.1, ,    -8.8, ,   -10.4, ,     2.2, ,   -12.2, ,     1.4, ,    16.9, ,     4.5, 
 1941, -9999.9,M,   -14.8, ,    -8.0, ,     3.9, ,    11.9, ,    16.0, ,    19.0, ,    16.9, ,    10.1, ,     5.0, , -9999.9,M,    -9.6, , -9999.9,M, -9999.9,M,     2.6, ,    17.3, , -9999.9,M
 1942,   -10.7, ,   -13.8, ,    -4.8, ,     4.4, ,     8.4, ,    13.4, ,    16.6, ,    15.9, ,     9.9, ,     6.2, ,    -6.6, ,   -16.4, ,     1.9, ,   -11.4, ,     2.7, ,    15.3, ,     3.2, 
 1943,   -22.0, ,   -12.5, ,   -12.4, ,     5.2, ,     7.7, ,    12.5, ,    18.7, ,    16.0, ,    10.4, ,     6.8, ,    -3.7, ,    -8.1, ,     1.6, ,   -17.0, ,     0.2, ,    15.7, ,     4.5, 
 1944,    -8.4, ,   -14.4, ,   -12.5, ,     3.6, ,    12.1, ,    13.5, ,    17.1, ,    15.4, ,    10.8, ,     7.5, ,    -5.5, ,   -12.3, ,     2.2, ,   -10.3, ,     1.1, ,    15.3, ,     4.3, 
 1945,   -14.5, ,   -13.7, ,    -2.8, ,    -1.5, ,     5.7, ,    11.8, ,    17.2, ,    16.6, ,     9.1, ,     4.9, ,    -9.5, ,   -16.4, ,     0.6, ,   -13.5, ,     0.5, ,    15.2, ,     1.5, 
 1946,   -14.7, ,   -16.1, ,    -3.6, ,     6.3, ,     8.3, ,    14.0, ,    18.5, ,    15.6, ,    10.6, ,     1.9, ,    -8.0, ,   -14.8, ,     1.5, ,   -15.7, ,     3.7, ,    16.0, ,     1.5, 
 1947,   -14.9, ,   -18.9, ,   -10.8, ,     1.0, ,     7.1, ,    13.5, ,    19.1, ,    17.2, ,     9.6, ,     7.6, ,    -8.5, ,   -13.1, ,     0.7, ,   -16.2, ,    -0.9, ,    16.6, ,     2.9, 
 1948,   -14.3, ,   -17.3, ,   -11.7, ,    -2.2, ,    10.6, ,    15.0, ,    18.1, ,    17.4, ,    13.7, ,     5.9, ,    -5.0, ,   -15.3, ,     1.2, ,   -14.9, ,    -1.1, ,    16.8, ,     4.9, 
 1949,   -19.6, ,   -19.7, ,    -8.4, ,     6.3, ,    10.8, ,    14.6, ,    17.0, ,    18.8, ,    10.4, ,     3.0, ,     0.5, ,   -17.2, ,     1.4, ,   -18.2, ,     2.9, ,    16.8, ,     4.6, 
 1950,   -28.8, ,   -15.6, ,   -11.0, ,    -2.2, ,     7.8, ,    13.3, ,    16.2, ,    14.7, ,    11.2, ,     5.1, ,   -10.0, ,   -15.5, ,    -1.2, ,   -20.5, ,    -1.8, ,    14.7, ,     2.1, 
 1951,   -19.1, ,   -15.5, ,   -14.6, ,     0.3, ,    11.9, ,    12.0, ,    17.2, , -9999.9,M,     9.0, ,     2.3, ,    -8.2, ,   -17.0, , -9999.9,M,   -16.7, ,    -0.8, , -9999.9,M,     1.0, 
 1952,   -19.3, ,   -11.7, ,    -9.8, ,     7.5, ,    10.2, ,    13.9, ,    16.4, ,    16.2, ,    12.2, ,     4.5, ,    -3.4, ,   -10.0, ,     2.2, ,   -16.0, ,     2.6, ,    15.5, ,     4.4, 
 1953,   -14.0, ,   -11.0, ,    -7.9, ,    -0.5, ,     8.6, ,    14.3, ,    17.5, ,    17.5, ,    10.9, ,     8.4, ,     0.0, ,    -9.2, ,     2.9, ,   -11.7, ,     0.1, ,    16.4, ,     6.4, 
 1954,   -23.1, ,    -3.9, ,    -9.5, ,    -1.3, ,     6.9, ,    13.5, ,    17.7, ,    15.6, ,     9.4, ,     4.6, ,     0.0, ,    -6.6, ,     1.9, ,   -12.1, ,    -1.3, ,    15.6, ,     4.7, 
 1955,   -14.5, ,   -17.1, ,   -14.1, ,     5.0, , -9999.9,M,    14.7, ,    18.1, ,    17.8, ,     9.5, ,     5.2, ,   -12.8, ,   -18.3, , -9999.9,M,   -12.7, , -9999.9,M,    16.9, ,     0.6, 
 1956,   -18.2, ,   -16.8, ,   -10.8, ,    -2.0, ,     9.2, ,    17.2, ,    15.8, ,    16.2, ,     9.2, ,     4.4, ,    -4.7, ,   -13.4, ,     0.5, ,   -17.8, ,    -1.2, ,    16.4, ,     3.0, 
 1957,   -20.6, ,   -15.6, ,    -8.3, ,     1.2, ,    10.7, ,    12.9, ,    19.8, ,    15.1, ,    10.4, ,     3.4, ,    -4.9, ,   -10.9, ,     1.1, ,   -16.5, ,     1.2, ,    15.9, ,     3.0, 
 1958,   -11.7, ,   -16.4, ,    -7.4, ,     4.4, ,    11.2, ,    12.6, ,    16.3, ,    16.6, ,    10.4, ,     5.0, ,    -6.0, ,   -14.1, ,     1.7, ,   -13.0, ,     2.7, ,    15.2, ,     3.1, 
 1959,   -19.9, ,   -15.7, ,    -2.7, ,     3.2, ,     8.5, ,    15.6, ,    18.8, ,    17.6, ,     9.5, ,     0.8, ,    -8.3, ,    -6.1, ,     1.8, ,   -16.6, ,     3.0, ,    17.3, ,     0.7, 
 1960,   -17.6, ,   -15.0, ,   -11.5, ,     2.1, ,    10.6, ,    13.8, ,    19.6, ,    17.8, ,    12.7, ,     5.5, ,    -5.9, ,   -11.3, ,     1.7, ,   -12.9, ,     0.4, ,    17.1, ,     4.1, 
 1961,   -14.3, ,   -10.7, ,    -3.8, ,     1.3, ,    10.0, ,    18.3, ,    18.6, ,    19.9, ,     8.6, ,     4.9, ,    -5.4, ,   -18.1, ,     2.4, ,   -12.1, ,     2.5, ,    18.9, ,     2.7, 
 1962,   -16.3, ,   -19.3, ,    -9.5, ,     2.8, ,     9.0, ,    16.4, ,    16.2, ,    16.7, ,    10.4, ,     6.8, ,    -0.3, ,   -10.7, ,     1.9, ,   -17.9, ,     0.8, ,    16.4, ,     5.6, 
 1963,   -20.2, ,   -14.5, ,    -4.5, ,     3.2, ,     8.3, ,    14.8, ,    18.7, ,    17.7, ,    14.0, ,    10.2, ,    -3.3, ,   -14.1, ,     2.5, ,   -15.1, ,     2.3, ,    17.1, ,     7.0, 
 1964,   -13.0, ,    -9.9, ,   -13.8, ,     4.3, ,    11.0, ,    14.2, ,    19.1, ,    14.9, ,     8.9, ,     6.1, ,    -6.6, ,   -19.8, ,     1.3, ,   -12.3, ,     0.5, ,    16.1, ,     2.8, 
 1965,   -20.2, ,   -16.4, ,   -14.3, ,     2.7, ,     8.9, ,    15.6, ,    17.6, ,    16.9, ,     5.2, ,     6.8, ,    -8.3, ,   -10.7, ,     0.3, ,   -18.8, ,    -0.9, ,    16.7, ,     1.2, 
 1966,   -26.2, ,   -16.8, ,    -5.2, ,    -0.2, ,     9.2, ,    14.7, ,    19.1, ,    15.7, ,    12.0, ,     4.2, ,   -10.2, ,   -13.0, ,     0.3, ,   -17.9, ,     1.3, ,    16.5, ,     2.0, 
 1967,   -17.2, ,   -17.3, ,   -10.5, ,    -0.8, ,     8.6, ,    14.8, ,    17.7, ,    17.1, ,    14.9, ,     4.0, ,    -4.8, ,   -12.4, ,     1.2, ,   -15.8, ,    -0.9, ,    16.5, ,     4.7, 
 1968,   -17.0, ,   -13.0, ,    -1.8, ,     3.7, ,     8.8, ,    13.9, ,    17.2, ,    14.2, ,    12.1, ,     4.3, ,    -3.7, ,   -17.2, ,     1.8, ,   -14.1, ,     3.6, ,    15.1, ,     4.2, 
 1969,   -24.4, ,   -14.4, ,   -11.0, ,     5.6, ,     9.7, ,    11.0, ,    16.7, ,    19.1, ,    11.6, ,     0.4, ,    -3.3, ,    -9.7, ,     0.9, ,   -18.7, ,     1.4, ,    15.6, ,     2.9, 
 1970,   -19.5, ,   -14.6, ,   -12.0, ,     0.9, ,     8.1, ,    18.1, ,    18.7, ,    16.9, ,    10.6, ,     3.5, ,    -6.2, ,   -17.3, ,     0.6, ,   -14.6, ,    -1.0, ,    17.9, ,     2.6, 
 1971,   -21.8, ,   -11.9, ,    -6.9, ,     3.4, ,    10.5, ,    15.1, ,    15.3, ,    18.3, ,    10.9, ,     4.1, ,    -5.5, ,   -15.9, ,     1.3, ,   -17.0, ,     2.3, ,    16.2, ,     3.2, 
 1972,   -21.6, ,   -19.5, ,    -8.0, ,     2.7, ,    12.0, ,    16.5, ,    14.7, ,    18.1, ,     7.4, ,     1.4, ,    -5.1, ,   -18.6, ,     0.0, ,   -19.0, ,     2.2, ,    16.4, ,     1.2, 
 1973,   -11.0, ,   -12.6, ,     0.2, ,     1.7, ,     9.6, ,    15.3, ,    17.1, ,    18.8, ,    10.3, ,     6.5, ,   -10.8, ,   -15.2, ,     2.5, ,   -14.1, ,     3.8, ,    17.1, ,     2.0, 
 1974,   -21.8, ,   -14.1, ,   -11.4, ,     1.4, ,     7.0, ,    16.1, ,    19.4, ,    14.3, ,     8.9, ,     6.1, ,    -3.2, ,    -7.9, ,     1.2, ,   -17.0, ,    -1.0, ,    16.6, ,     3.9, 
 1975,   -14.6, ,   -16.1, ,   -11.4, ,    -0.6, ,    10.1, ,    14.8, ,    20.3, ,    15.1, ,    10.3, ,     5.0, ,    -3.9, ,   -12.6, ,     1.4, ,   -12.9, ,    -0.6, ,    16.7, ,     3.8, 
 1976,   -14.9, ,   -10.4, ,    -9.9, ,     4.9, ,    12.0, ,    15.9, ,    18.0, ,    17.5, ,    12.1, ,     1.6, ,    -5.9, ,   -14.3, ,     2.2, ,   -12.6, ,     2.3, ,    17.1, ,     2.6, 
 1977,   -20.9, ,    -7.6, ,    -3.2, ,     7.3, ,    14.8, ,    15.5, ,    17.3, ,    12.8, ,    10.6, ,     6.4, ,    -5.7, ,   -18.8, ,     2.4, ,   -14.3, ,     6.3, ,    15.2, ,     3.8, 
 1978,   -22.8, ,   -17.5, ,    -6.7, ,     3.6, ,    12.7, ,    15.5, ,    16.6, ,    15.4, ,    12.7, ,     5.4, ,    -9.4, ,   -16.4, ,     0.8, ,   -19.7, ,     3.2, ,    15.8, ,     2.9, 
 1979,   -22.9, ,   -22.7, ,    -9.0, ,    -2.9, ,     7.2, ,    15.7, ,    19.8, ,    15.9, ,    12.3, ,     4.3, ,    -4.9, ,    -9.4, ,     0.3, ,   -20.7, ,    -1.6, ,    17.1, ,     3.9, 
 1980,   -18.2, ,   -14.6, ,    -9.0, ,     8.1, ,    14.0, ,    15.3, ,    18.1, ,    14.7, ,    10.8, ,     4.5, ,    -1.3, ,   -14.0, ,     2.4, ,   -14.1, ,     4.4, ,    16.0, ,     4.7, 
 1981,   -11.6, ,    -9.3, ,     0.2, ,     5.0, ,    10.5, ,    14.2, ,    19.3, ,    19.2, ,    12.2, ,     3.5, ,     0.2, ,   -13.3, ,     4.2, ,   -11.6, ,     5.2, ,    17.6, ,     5.3, 
 1982,   -25.8, ,   -16.0, ,    -8.6, ,     1.5, ,    10.1, ,    13.8, ,    17.7, ,    16.0, ,    10.6, ,     5.5, ,    -6.7, ,   -11.6, ,     0.5, ,   -18.4, ,     1.0, ,    15.8, ,     3.1, 
 1983,   -12.2, ,   -10.7, ,    -8.4, ,    -0.4, ,     7.8, ,    15.2, ,    19.4, ,    21.1, ,    10.1, ,     5.2, ,    -2.9, ,   -21.7, ,     1.9, ,   -11.5, ,    -0.3, ,    18.6, ,     4.1, 
 1984,   -12.4, ,    -4.3, ,    -7.2, ,     5.9, ,     9.5, ,    16.0, ,    19.2, ,    19.9, ,     8.1, ,     2.5, ,    -7.5, ,   -18.1, ,     2.6, ,   -12.8, ,     2.7, ,    18.4, ,     1.0, 
 1985,   -16.5, ,   -15.5, ,    -3.3, ,     6.2, ,    12.0, ,    11.9, ,    17.5, ,    14.2, ,     7.8, ,     4.4, ,   -13.9, ,   -14.8, ,     0.8, ,   -16.7, ,     5.0, ,    14.5, ,    -0.6, 
 1986,    -9.5, ,   -14.5, ,    -0.9, ,     3.1, ,    12.3, ,    15.3, ,    17.3, ,    16.5, ,     9.3, ,     5.9, ,    -8.9, ,    -8.5, ,     3.1, ,   -12.9, ,     4.8, ,    16.4, ,     2.1, 
 1987,    -8.3, ,    -7.0, ,    -3.0, ,     8.2, ,    13.6, ,    17.4, ,    17.2, ,    15.2, ,    12.9, ,     3.8, ,    -0.3, ,    -6.8, ,     5.2, ,    -7.9, ,     6.3, ,    16.6, ,     5.5, 
 1988,   -16.3, ,   -13.0, ,    -4.1, ,     5.0, ,    13.1, ,    20.5, ,    18.9, ,    17.1, ,    10.6, ,     3.7, ,    -5.2, ,   -11.5, ,     3.2, ,   -12.0, ,     4.7, ,    18.8, ,     3.0, 
 1989,   -13.7, ,   -18.4, ,    -9.3, ,     4.0, ,    12.8, ,    15.4, ,    20.5, ,    17.8, ,    11.9, ,     5.0, ,    -6.0, ,   -16.6, ,     2.0, ,   -14.5, ,     2.5, ,    17.9, ,     3.6, 
 1990,   -10.2, ,   -12.8, ,    -3.2, ,     3.1, ,    10.4, ,    16.5, ,    17.0, ,    17.9, ,    13.4, ,     3.8, ,    -5.6, ,   -17.7, ,     2.7, ,   -13.2, ,     3.4, ,    17.1, ,     3.9, 
 1991,   -17.5, ,    -7.1, ,    -5.8, ,     5.9, ,    11.4, ,    17.1, ,    17.8, ,    18.5, ,    10.9, ,     1.7, ,    -7.7, ,   -10.8, ,     2.9, ,   -14.1, ,     3.8, ,    17.8, ,     1.6, 
 1992,   -10.1, ,    -9.5, ,    -1.3, ,     2.9, ,    10.9, ,    14.2, ,    15.0, ,    14.8, ,    10.0, ,     4.3, ,    -3.4, ,   -17.6, ,     2.5, ,   -10.1, ,     4.2, ,    14.7, ,     3.6, 
 1993,   -15.9, ,   -12.1, ,    -2.6, ,     3.2, ,    10.4, ,    13.0, ,    15.1, ,    15.7, ,     9.5, ,     3.2, ,    -7.5, ,   -10.7, ,     1.8, ,   -15.2, ,     3.7, ,    14.6, ,     1.7, 
 1994,   -22.3, ,   -20.0, ,    -2.2, ,     3.8, ,    11.7, ,    15.2, ,    16.9, ,    16.0, ,    13.4, ,     6.6, ,    -2.7,E,    -9.2,E,     2.3,E,   -17.7, ,     4.4, ,    16.0, ,     5.8,E
 1995,   -15.2,E,   -12.8, ,    -6.5, ,     0.5,E,    10.2, ,    17.5,E,    18.2,E,    17.2, ,    11.5, ,     4.8, ,    -9.2, ,   -15.5, ,     1.7,E,   -12.4,E,     1.4,E,    17.6,E,     2.4, 
 1996,   -22.0,E,   -12.8, ,   -11.3, ,     0.4, ,     8.7, ,    16.7, ,    17.6, ,    18.8, ,    11.2,E,     3.5,E,   -11.4,E,   -18.1, ,     0.1,E,   -16.8,E,    -0.7, ,    17.7, ,     1.1,E
 1997,   -19.6,E,   -10.5, ,    -9.1, ,     1.2, ,     9.9, ,    18.1,E,    19.2, ,    18.2, ,    14.1, ,     3.9, ,    -4.4, ,    -4.4, ,     3.1,E,   -16.1,E,     0.7, ,    18.5,E,     4.5, 
 1998,   -16.0,E,    -5.0, ,    -8.9, ,     7.4, ,    11.5, ,    14.5, ,    19.0, ,    20.0, ,    14.2,E,     5.8,E,    -3.9, ,   -12.2, ,     3.9,E,    -8.5,E,     3.3, ,    17.8, ,     5.4,E
 1999,   -16.6, ,    -8.0, ,    -3.9, ,     6.0, ,    10.5,E,    14.8, ,    17.6,E,    17.9,E,    10.2, ,     4.5, ,     0.9, ,    -5.7, ,     4.0,E,   -12.3, ,     4.2,E,    16.8,E,     5.2, 
 2000,   -15.4, ,    -9.1, ,     0.3, ,     4.2, ,    11.0, ,    13.5, ,    19.2, ,    17.4, ,    11.6,E,     6.0, ,    -8.3, ,   -20.2, ,     2.5,E,   -10.1, ,     5.2, ,    16.7, ,     3.1,E
 2001,    -9.0, ,   -17.8, ,    -6.5, ,     2.6, ,    12.2, ,    15.1, ,    18.7, ,    18.8, ,    13.0, ,     3.8, ,     0.4, ,   -11.4, ,     3.3, ,   -15.7, ,     2.8, ,    17.5, ,     5.7, 
 2002,   -12.9, ,    -8.0, ,   -13.2, ,     0.3, ,     7.9, ,    16.3, ,    19.6, ,    16.5, ,    12.3, ,    -1.1, ,    -4.7, ,    -7.8, ,     2.1, ,   -10.8, ,    -1.7, ,    17.5, ,     2.2, 
 2003,   -14.9, ,   -17.3, ,    -8.5, ,     5.0, ,    11.6, ,    16.1, ,    19.6, ,    20.5, ,    11.3, ,     6.6, ,   -10.4, ,    -9.9, ,     2.5, ,   -13.3, ,     2.7, ,    18.7, ,     2.5, 
 2004,   -19.8, ,   -11.5, ,    -5.5, ,     3.6, ,     6.4, ,    12.4, ,    16.5, ,    13.3, ,    11.8, ,     3.9, ,    -1.0, ,   -11.7, ,     1.5, ,   -13.7, ,     1.5, ,    14.1, ,     4.9, 
 2005,   -18.8, ,   -12.7, ,    -7.4, ,     6.0, ,     8.9, ,    15.2, ,    17.7, ,    15.9, ,    11.9, ,     4.6, ,    -3.7, ,    -9.4, ,     2.4, ,   -14.4, ,     2.5, ,    16.3, ,     4.3, 
 2006,    -5.8, ,   -13.1, ,    -6.8, ,     7.8, ,    11.2, ,    16.2, ,    18.7, ,    17.5, ,    11.6, ,     1.6, ,    -6.3, ,   -10.6,E,     3.5,E,    -9.4, ,     4.1, ,    17.5, ,     2.3, 
 2007,   -13.1, ,   -17.7, ,    -3.7, ,     3.8, ,    10.4,E,    15.3, ,    20.1, ,    15.3, ,    11.3,E,     5.8, ,    -5.6, ,   -14.4, ,     2.3,E,   -13.8,E,     3.5,E,    16.9, ,     3.8,E
 2008,   -14.9, ,   -15.4, ,    -6.8, ,     3.3, ,     8.8, ,    13.7, ,    16.9, ,    17.0, ,    10.6, ,     4.5, ,    -3.7, ,   -19.0, ,     1.3, ,   -14.9, ,     1.8, ,    15.9, ,     3.8, 
 2009,   -18.2, ,   -16.1, ,   -10.7, ,     2.1, ,     8.1, ,    14.2, ,    15.1, ,    15.3, ,    15.0, ,     1.5, ,     0.3, ,   -19.0, ,     0.6, ,   -17.8, ,    -0.2, ,    14.9, ,     5.6, 
 2010,   -13.5, ,   -14.3, ,    -2.3, ,     6.5, ,     8.9, ,    15.1,E,    17.6, ,    16.3, ,    10.2, ,     6.3, ,    -6.4, ,   -15.3, ,     2.4,E,   -15.6, ,     4.4, ,    16.3,E,     3.4, 
 2011,   -17.1, ,   -14.7, ,   -10.9, ,     1.7, ,     9.5, ,    15.0, ,    19.4, ,    18.4, ,    13.4, ,     6.7, ,    -4.5, ,    -6.9, ,     2.5, ,   -15.7, ,     0.1, ,    17.6, ,     5.2, 
 2012,    -9.8, ,    -8.5, ,     0.9, ,     4.8, ,    10.0, ,    16.2, ,    20.2,E,    16.9, ,    12.3, ,     2.1, ,    -7.6, ,   -15.5, ,     3.5,E,    -8.4, ,     5.2, ,    17.8,E,     2.3, 
 2013,   -14.7, ,   -11.6, ,   -12.5, ,    -4.2, ,    11.2, ,    15.6, ,    17.3, ,    17.3, ,    13.8, ,     2.5, ,    -6.7, ,   -19.4, ,     0.7, ,   -13.9, ,    -1.8, ,    16.7, ,     3.2, 
 2014,   -16.4, ,   -20.2,E,   -11.2, ,    -0.1, ,    10.2, ,    14.7, ,    17.5, ,    17.6, ,    11.9, ,     5.6, ,    -9.6, ,   -10.1, ,     0.8,E,   -18.7,E,    -0.4, ,    16.6, ,     2.6, 
 2015,   -12.0, ,   -17.8, ,    -2.6, ,     4.5, ,     9.9, ,    16.5, ,    19.0, ,    17.2, ,    12.3, ,     6.3, ,    -2.2, ,    -8.1, ,     3.6, ,   -13.3, ,     3.9, ,    17.6, ,     5.5, 
 2016,   -11.4, ,    -6.8, ,    -1.3, ,     4.1, ,    12.5, ,    16.6, ,    18.0, ,    17.1, ,    12.3, ,     4.2, ,     1.6, ,   -14.3, ,     4.4, ,    -8.8, ,     5.1, ,    17.2, ,     6.0, 
 2017,   -12.7, ,    -9.6, ,    -6.1, ,     4.4, ,    10.9, ,    15.3, ,    18.8, ,    16.8, ,    12.7, ,     4.8, ,    -7.0, ,   -12.3, ,     3.0, ,   -12.2, ,     3.1, ,    17.0, ,     3.5, 
 2018,   -12.6, ,   -17.5,E,    -7.6, ,    -1.9, ,    14.0, ,    16.6, ,    17.9, ,    17.3, ,     8.0, ,     1.3, ,    -7.9, ,    -9.9, ,     1.5,E,   -14.1,E,     1.5, ,    17.3, ,     0.5, 
 2019,   -15.6, ,   -22.7, ,    -6.5, ,     4.1, ,     8.4, ,    15.7, ,    17.7, ,    15.6, ,    11.7, ,     1.2, ,    -6.6, ,   -11.4, ,     1.0, ,   -16.1, ,     2.0, ,    16.3, ,     2.1, 
