4017320,SEMANS              ,SASK, station not joined, Monthly mean of homogenized daily mean temperature                     , Deg Celcius,          Updated to December 2019
4017320,SEMANS              ,SASK, station non jointe, Moyenne mensuelle des temperatures quotidiennes moyennes homogeneisees , Deg Celsius, Mise a jour jusqu a decembre 2019
 Year,     Jan, ,     Feb, ,     Mar, ,     Apr, ,     May, ,     Jun, ,     Jul, ,     Aug, ,     Sep, ,     Oct, ,     Nov, ,     Dec, ,  Annual, ,  Winter, ,  Spring, ,  Summer, ,  Autumn
Annee,    Janv, ,     Fev, ,    Mars, ,     Avr, ,     Mai, ,    Juin, ,    Juil, ,    Aout, ,    Sept, ,     Oct, ,     Nov, ,     Dec, ,  Annuel, ,   Hiver, ,Printemp, ,     Ete, , Automne
 1923, -9999.9,M, -9999.9,M, -9999.9,M, -9999.9,M, -9999.9,M, -9999.9,M, -9999.9,M, -9999.9,M,    11.4, ,     5.8, ,    -0.8, ,    -8.5, , -9999.9,M, -9999.9,M, -9999.9,M, -9999.9,M,     5.5, 
 1924,   -19.3, ,    -9.0, ,    -5.1, ,     2.2, ,     7.2, ,    12.9, ,    18.1, ,    14.6, ,    11.7, ,     8.3, ,    -7.2, ,   -19.2, ,     1.3, ,   -12.3, ,     1.4, ,    15.2, ,     4.3, 
 1925,   -17.0, ,   -15.9, ,    -8.9, ,     5.8, ,    11.4, ,    14.4, ,    18.2, ,    17.2, ,    11.1, ,    -0.8, ,    -4.9, ,    -9.9, ,     1.7, ,   -17.4, ,     2.8, ,    16.6, ,     1.8, 
 1926,   -11.6, ,    -9.5, ,    -5.3, ,     4.3, ,    11.5, ,    13.3, , -9999.9,M, -9999.9,M,     8.0, ,     3.0, ,    -9.0, ,   -15.7, , -9999.9,M,   -10.3, ,     3.5, , -9999.9,M,     0.7, 
 1927,   -18.4, ,   -16.3, ,    -6.0, ,     2.8, ,     7.7, ,    15.5, ,    16.9, ,    16.6, ,    11.5, ,     6.2, ,   -11.9, ,   -21.0, ,     0.3, ,   -16.8, ,     1.5, ,    16.3, ,     1.9, 
 1928,   -13.9, ,   -10.3, ,    -4.6, ,    -0.2, ,    13.3, , -9999.9,M, -9999.9,M, -9999.9,M, -9999.9,M, -9999.9,M, -9999.9,M,    -8.5, , -9999.9,M,   -15.1, ,     2.8, , -9999.9,M, -9999.9,M
 1929,   -24.3, ,   -18.3, ,    -4.5, ,     2.1, ,     7.5, ,    15.3, ,    18.4, ,    18.1, ,     9.7, ,     6.9, , -9999.9,M,   -16.6, , -9999.9,M,   -17.0, ,     1.7, ,    17.3, , -9999.9,M
 1930,   -22.5, ,   -10.0, ,    -6.6, ,     7.1, ,     9.2, ,    15.6, ,    20.6, ,    19.0, ,    11.4, ,     1.8, ,    -5.0, ,    -8.1, ,     2.7, ,   -16.4, ,     3.2, ,    18.4, ,     2.7, 
 1931, -9999.9,M, -9999.9,M, -9999.9,M, -9999.9,M, -9999.9,M, -9999.9,M, -9999.9,M, -9999.9,M, -9999.9,M, -9999.9,M, -9999.9,M, -9999.9,M, -9999.9,M, -9999.9,M, -9999.9,M, -9999.9,M, -9999.9,M
 1932,   -14.6, ,   -12.6, ,    -9.2, ,     4.6, ,    15.2, ,    18.4, ,    19.9, ,    20.6, , -9999.9,M, -9999.9,M, -9999.9,M, -9999.9,M, -9999.9,M, -9999.9,M,     3.5, ,    19.6, , -9999.9,M
 1933, -9999.9,M, -9999.9,M,    -7.2, ,     0.6, ,    11.8, ,    18.8, ,    18.3, ,    18.3, ,    12.7, ,     5.2, , -9999.9,M, -9999.9,M, -9999.9,M, -9999.9,M,     1.7, ,    18.5, , -9999.9,M
 1934, -9999.9,M,    -7.9, ,    -4.8, ,     4.3, ,    15.9, ,    16.8, ,    20.1, ,    17.1, , -9999.9,M, -9999.9,M,     0.7, , -9999.9,M, -9999.9,M, -9999.9,M,     5.1, ,    18.0, , -9999.9,M
 1935, -9999.9,M, -9999.9,M, -9999.9,M, -9999.9,M, -9999.9,M, -9999.9,M, -9999.9,M, -9999.9,M, -9999.9,M, -9999.9,M, -9999.9,M, -9999.9,M, -9999.9,M, -9999.9,M, -9999.9,M, -9999.9,M, -9999.9,M
 1936, -9999.9,M, -9999.9,M, -9999.9,M, -9999.9,M, -9999.9,M, -9999.9,M, -9999.9,M,    18.6, ,    12.8, ,     5.8, ,    -3.3, ,    -9.7, , -9999.9,M, -9999.9,M, -9999.9,M, -9999.9,M,     5.1, 
 1937,   -31.7, ,   -18.5, ,    -9.7, ,     2.3, ,     9.5, ,    15.3, ,    19.3, ,    17.0, ,    10.2, , -9999.9,M,    -9.7, , -9999.9,M, -9999.9,M,   -20.0, ,     0.7, ,    17.2, , -9999.9,M
 1938,   -17.4, ,   -18.3, ,    -5.0, ,     1.3, ,     7.7, ,    14.8, ,    17.9, , -9999.9,M,    13.7, ,     5.3, , -9999.9,M, -9999.9,M, -9999.9,M, -9999.9,M,     1.3, , -9999.9,M, -9999.9,M
 1939,   -15.7, ,   -23.9, ,   -10.0, ,     3.3, ,    12.0, ,    12.7, ,    19.0, , -9999.9,M,     9.8, ,    -0.1, ,    -2.8, ,    -8.8, , -9999.9,M, -9999.9,M,     1.8, , -9999.9,M,     2.3, 
 1940,   -23.8, , -9999.9,M,   -12.4, ,    -0.3, ,    12.1, ,    15.7, ,    19.4, ,    18.2, ,    16.6, ,     8.3, ,   -11.4, ,   -13.9, , -9999.9,M, -9999.9,M,    -0.2, ,    17.8, ,     4.5, 
 1941,   -16.4, ,   -16.8, ,    -9.4, ,     4.8, ,    12.9, ,    17.7, ,    21.7, ,    18.3, ,    10.8, ,     5.6, ,    -3.0, ,   -11.1, ,     2.9, ,   -15.7, ,     2.8, ,    19.2, ,     4.5, 
 1942,   -10.9, ,   -13.9, ,    -4.4, ,     4.3, ,     9.8, ,    12.8, ,    16.9, ,    17.0, ,    10.0, ,     4.9, ,    -8.7, , -9999.9,M, -9999.9,M,   -12.0, ,     3.2, ,    15.6, ,     2.1, 
 1943, -9999.9,M,   -14.3, ,   -13.6, ,     5.6, ,     8.0, ,    13.7, ,    20.2, ,    17.1, ,    11.1, ,     8.1, ,    -3.1, ,    -9.3, , -9999.9,M, -9999.9,M,     0.0, ,    17.0, ,     5.4, 
 1944,   -10.2, ,   -16.1, ,   -13.6, ,     5.7, ,    13.5, ,    15.0, ,    18.5, ,    16.8, ,    13.0, ,     8.1, ,    -4.5, ,   -12.9, ,     2.8, ,   -11.9, ,     1.9, ,    16.8, ,     5.5, 
 1945,   -15.6, ,   -15.2, ,    -2.9, ,    -0.3, ,     7.3, ,    13.8, ,    18.2, ,    18.6, ,     9.9, ,     5.3, ,   -10.7, ,   -16.7, ,     1.0, ,   -14.6, ,     1.4, ,    16.9, ,     1.5, 
 1946,   -15.0, , -9999.9,M,    -1.5, ,     7.4, ,     9.7, ,    14.5, ,    20.0, ,    17.1, ,    11.8, ,     2.5, ,    -9.2, ,   -17.1, , -9999.9,M, -9999.9,M,     5.2, ,    17.2, ,     1.7, 
 1947,   -15.9, ,   -21.2, ,   -11.1, ,     2.9, ,     9.0, ,    15.1, ,    21.4, ,    18.0, ,    10.4, ,     8.4, ,    -8.1, ,   -14.5, ,     1.2, ,   -18.1, ,     0.3, ,    18.2, ,     3.6, 
 1948,   -15.3, ,   -18.6, ,   -12.5, ,    -2.1, ,    12.3, ,    16.6, ,    19.4, ,    19.0, ,    14.7, ,     6.9, ,    -5.0, ,   -17.2, ,     1.5, ,   -16.1, ,    -0.8, ,    18.3, ,     5.5, 
 1949,   -20.8, ,   -21.8, ,    -7.3, ,     8.6, ,    12.3, ,    15.4, ,    18.3, ,    20.7, ,    11.3, ,     3.1, ,     0.9, ,   -18.4, ,     1.9, ,   -19.9, ,     4.5, ,    18.1, ,     5.1, 
 1950,   -31.1, ,   -15.9, ,   -10.8, ,     0.1, ,     9.2, ,    15.1, ,    17.5, ,    15.0, ,    11.8, ,     5.4, ,   -10.7, ,   -16.1, ,    -0.9, ,   -21.8, ,    -0.5, ,    15.9, ,     2.2, 
 1951,   -21.6, ,   -17.7, ,   -16.2, ,     1.5, ,    11.9, ,    13.0, ,    17.3, ,    15.1, ,     9.7, ,     1.4, ,    -7.7, ,   -18.0, ,    -0.9, ,   -18.5, ,    -0.9, ,    15.1, ,     1.1, 
 1952,   -20.1, ,   -11.5, ,    -9.4, ,     9.0, ,    11.6, ,    14.1, ,    16.4, ,    16.7, ,    12.0, ,     4.2, ,    -3.3, ,   -10.4, ,     2.4, ,   -16.5, ,     3.7, ,    15.7, ,     4.3, 
 1953,   -15.9, ,   -13.6, ,    -8.1, ,     0.8, ,     9.5, ,    14.7, ,    17.6, ,    17.8, ,    10.9, ,     8.0, ,    -0.6, ,    -9.6, ,     2.6, ,   -13.3, ,     0.7, ,    16.7, ,     6.1, 
 1954,   -25.4, ,    -5.9, ,    -9.3, ,    -2.5, ,     7.8, ,    13.5, ,    17.5, ,    14.8, ,     9.9, ,     4.9, ,    -0.5, ,    -6.9, ,     1.5, ,   -13.6, ,    -1.3, ,    15.3, ,     4.8, 
 1955,   -15.0, ,   -16.7, ,   -13.9, ,     4.9, ,    10.2, ,    15.3, ,    18.2, ,    17.4, ,     9.9, ,     5.3, ,   -14.1, ,   -18.3, ,     0.3, ,   -12.9, ,     0.4, ,    17.0, ,     0.4, 
 1956,   -18.8, ,   -18.1, ,   -11.0, ,    -1.0, ,    10.6, ,    17.2, ,    16.7, ,    16.3, ,    10.3, ,     4.2, ,    -4.7, ,   -13.5, ,     0.7, ,   -18.4, ,    -0.5, ,    16.7, ,     3.3, 
 1957,   -19.6, ,   -14.2, ,    -7.4, ,     2.5, ,    12.3, ,    14.8, ,    19.5, ,    15.4, ,    10.7, ,     2.6, ,    -5.7, ,   -10.8, ,     1.7, ,   -15.8, ,     2.5, ,    16.6, ,     2.5, 
 1958,   -11.1, ,   -16.4, ,    -7.1, ,     5.3, ,    13.0, ,    13.6, ,    17.9, ,    18.3, ,    11.2, ,     5.6, ,    -6.1, ,   -13.9, ,     2.5, ,   -12.8, ,     3.7, ,    16.6, ,     3.6, 
 1959,   -21.1, ,   -17.4, ,    -0.9, ,     3.8, ,     9.5, ,    16.4, ,    19.4, ,    17.9, ,     9.8, ,     1.1, ,    -8.7, ,    -6.9, ,     1.9, ,   -17.5, ,     4.1, ,    17.9, ,     0.7, 
 1960, -9999.9,M,   -15.6, ,   -11.9, ,     2.4, ,    11.2, ,    14.2, ,    20.3, ,    18.1, ,    13.2, ,     4.9, ,    -7.0, ,   -12.2, , -9999.9,M, -9999.9,M,     0.6, ,    17.5, ,     3.7, 
 1961,   -14.2, , -9999.9,M,    -3.8, ,     1.6, ,    11.3, ,    19.3, ,    19.2, ,    21.2, ,     8.6, , -9999.9,M,    -5.6, ,   -19.3, , -9999.9,M, -9999.9,M,     3.0, ,    19.9, , -9999.9,M
 1962,   -18.5, ,   -20.7, ,    -9.3, ,     3.7, ,    10.4, ,    16.8, ,    16.2, ,    17.0, ,    10.9, , -9999.9,M, -9999.9,M, -9999.9,M, -9999.9,M,   -19.5, ,     1.6, ,    16.7, , -9999.9,M
 1963, -9999.9,M, -9999.9,M, -9999.9,M, -9999.9,M, -9999.9,M,    14.7, ,    18.5, , -9999.9,M,    14.1, ,     9.3, ,    -3.0, , -9999.9,M, -9999.9,M, -9999.9,M, -9999.9,M, -9999.9,M,     6.8, 
 1964, -9999.9,M, -9999.9,M, -9999.9,M, -9999.9,M, -9999.9,M, -9999.9,M, -9999.9,M, -9999.9,M, -9999.9,M, -9999.9,M, -9999.9,M, -9999.9,M, -9999.9,M, -9999.9,M, -9999.9,M, -9999.9,M, -9999.9,M
 1965,   -22.6, ,   -19.1, ,   -14.7, ,     2.8, ,     9.1, ,    15.6, ,    18.3, ,    16.8, ,     5.4, ,     6.7, ,    -8.4, ,   -11.6, ,    -0.1, , -9999.9,M,    -0.9, ,    16.9, ,     1.2, 
 1966,   -26.0, ,   -17.3, ,    -5.9, ,     0.1, ,    10.5, ,    14.8, ,    18.8, ,    16.8, ,    13.6, ,     4.2, ,   -11.3, ,   -13.6, ,     0.4, ,   -18.3, ,     1.6, ,    16.8, ,     2.2, 
 1967,   -19.0, ,   -18.4, ,   -11.8, ,    -1.7, ,     9.7, ,    14.6, ,    18.7, ,    18.5, ,    15.5, ,     3.6, ,    -4.7, ,   -14.3, ,     0.9, ,   -17.0, ,    -1.3, ,    17.3, ,     4.8, 
 1968,   -18.0, ,   -13.0, ,    -1.9, ,     4.0, ,    10.4, ,    15.0, ,    17.6, ,    14.7, ,    11.9, ,     4.4, ,    -2.6, ,   -16.4, ,     2.2, ,   -15.1, ,     4.2, ,    15.8, ,     4.6, 
 1969,   -25.8, ,   -14.2, ,   -10.8, ,     6.3, ,    10.5, ,    13.1, ,    17.3, ,    19.4, ,    12.4, ,     0.4, ,    -4.0, ,    -9.9, ,     1.2, ,   -18.8, ,     2.0, ,    16.6, ,     2.9, 
 1970,   -19.3, ,   -14.4, ,   -11.5, ,     2.2, ,     9.1, ,    18.3, ,    19.1, ,    17.7, ,    11.0, ,     4.1, ,    -7.1, ,   -18.4, ,     0.9, ,   -14.5, ,    -0.1, ,    18.4, ,     2.7, 
 1971,   -22.7, ,   -13.3, ,    -8.8, ,     3.2, ,    12.4, ,    15.6, ,    16.1, ,    19.6, ,    11.5, ,     3.8, ,    -5.0, ,   -17.1, ,     1.3, ,   -18.1, ,     2.3, ,    17.1, ,     3.4, 
 1972,   -22.9, ,   -20.1, ,    -7.7, ,     3.8, ,    12.9, ,    17.2, ,    15.2, ,    19.5, ,     7.7, ,     0.8, ,    -5.2, ,   -19.1, ,     0.2, ,   -20.0, ,     3.0, ,    17.3, ,     1.1, 
 1973,   -12.6, ,   -13.8, ,    -1.2, ,     1.5, ,    11.1, ,    15.5, ,    17.7, ,    18.8, ,    10.8, ,     5.7, ,   -12.2, ,   -15.9, ,     2.1, ,   -15.2, ,     3.8, ,    17.3, ,     1.4, 
 1974,   -21.2, ,   -13.7, ,   -12.8, ,     1.5, ,     7.1, ,    16.8, ,    19.4, ,    14.8, ,     8.9, ,     6.3, ,    -3.1, ,    -6.8, ,     1.4, ,   -16.9, ,    -1.4, ,    17.0, ,     4.0, 
 1975,   -15.0, ,   -17.0, ,   -11.3, ,     0.2, ,     9.9, ,    15.3, , -9999.9,M,    14.7, ,    10.7, ,     4.6, ,    -4.0, ,   -12.7, , -9999.9,M,   -12.9, ,    -0.4, , -9999.9,M,     3.8, 
 1976,   -15.0, ,   -11.1, ,    -9.3, ,     6.2, ,    12.5, ,    15.8, ,    18.4, ,    18.4, ,    13.0, ,     2.2, ,    -5.4, ,   -13.9, ,     2.7, ,   -12.9, ,     3.1, ,    17.5, ,     3.3, 
 1977,   -20.8, ,    -6.2, ,    -2.5, ,     7.7, ,    14.8, ,    16.9, , -9999.9,M,    13.4, ,    11.0, ,     6.1, ,    -5.9, ,   -18.5, , -9999.9,M,   -13.6, ,     6.7, , -9999.9,M,     3.7, 
 1978,   -22.7, ,   -16.6, ,    -5.8, ,     4.5, ,    12.8, ,    16.6, ,    17.6, ,    16.6,E,    12.2, ,     6.3, ,    -9.0, ,   -15.8, ,     1.4,E,   -19.3, ,     3.8, ,    16.9,E,     3.2, 
 1979,   -21.9, ,   -22.5, ,    -8.0, ,    -1.8, ,     8.2, ,    16.0, ,    20.3, ,    17.0, ,    13.8, ,     5.2, ,    -5.2, , -9999.9,M, -9999.9,M,   -20.1, ,    -0.5, ,    17.8, ,     4.6, 
 1980,   -17.4, ,   -14.0, ,    -9.0,E,     9.5,E,    15.6, ,    16.0, ,    18.6, ,    15.5,E,    11.5, ,     5.9,E,    -2.2, ,   -15.6, ,     2.9,E, -9999.9,M,     5.4,E,    16.7,E,     5.1,E
 1981,   -11.9, ,   -10.2, ,     0.6,E,     5.3,E,    12.0, ,    15.1,E,    19.1, ,    19.8,E,    12.9,E, -9999.9,M,     0.2,E,   -14.6, , -9999.9,M,   -12.6, ,     6.0,E,    18.0,E, -9999.9,M
 1982,   -25.9,E,   -16.1, ,    -8.2, ,     2.0, ,    10.3,E,    15.1, ,    17.7, ,    16.4, ,    11.3, ,     5.4,E,    -8.0, ,   -12.2,E,     0.7,E,   -18.9,E,     1.4,E,    16.4, ,     2.9,E
 1983,   -13.0, ,   -10.5, ,    -7.1, ,     2.4, ,     8.5, ,    15.5,E,    19.1,E,    20.7, ,    10.2, ,     5.9, ,    -3.6, ,   -23.0, ,     2.1,E,   -11.9,E,     1.3, ,    18.4,E,     4.2, 
 1984,   -13.6, ,    -5.3, ,    -6.5, ,     7.0,E,    10.0,E,    16.2, ,    19.4, ,    20.1,E,     8.0, ,     2.3, ,    -8.2, ,   -20.2,E,     2.4,E,   -14.0, ,     3.5,E,    18.6,E,     0.7, 
 1985,   -17.8,E,   -17.5, ,    -4.7,E,     6.1, ,    12.6, ,    12.6, ,    18.3, ,    15.6,E,     8.5,E,     4.6, ,   -15.0, ,   -14.4, ,     0.7,E,   -18.5,E,     4.7,E,    15.5,E,    -0.6,E
 1986,    -9.0, ,   -15.7,E,    -0.7, ,     3.5, ,    12.8, ,    16.3, ,    17.2,E,    16.4, ,     9.2,E,     5.0, ,    -9.3,E,    -9.4,E,     3.0,E,   -13.0,E,     5.2, ,    16.6,E,     1.6,E
 1987,    -9.4, ,    -7.2, ,    -3.1, ,     8.2, ,    14.3, ,    18.3, ,    18.0, ,    15.2, ,    14.0, ,     4.1, ,    -0.4,E,    -7.5, ,     5.4,E,    -8.7,E,     6.5, ,    17.2, ,     5.9,E
 1988,   -17.2,E,   -13.8, ,    -3.5, ,     5.6, ,    15.1, ,    22.3, ,    20.1, ,    17.8, ,    11.4, ,     4.9, ,    -4.8, ,   -11.1, ,     3.9,E,   -12.8,E,     5.7, ,    20.1, ,     3.8, 
 1989,   -14.0, ,   -19.2, ,   -10.3, ,     4.7, ,    12.6, ,    16.1, ,    21.3, ,    19.3, ,    12.2,E,     5.2, ,    -6.3, ,   -16.5, ,     2.1,E,   -14.8, ,     2.3, ,    18.9, ,     3.7,E
 1990,   -11.9, ,   -14.1, ,    -2.5,E,     3.8, ,    11.5,E,    16.8, ,    17.8, ,    18.3,E,    14.0, ,     3.9, ,    -6.2, ,   -18.1,E,     2.8,E,   -14.2, ,     4.3,E,    17.6,E,     3.9, 
 1991,   -17.8, ,    -7.3,E,    -5.0, ,     6.8,E,    12.1, ,    17.3, ,    18.8, ,    20.4,E,    12.0,E,     1.1, ,    -8.0,E,   -11.2, ,     3.3,E,   -14.4,E,     4.6,E,    18.8,E,     1.7,E
 1992,   -10.4, ,    -9.5, ,    -1.1, ,     4.2, ,    11.1,E,    15.0, ,    16.2,E,    15.6,E,    10.0,E, -9999.9,M,    -2.8,E,   -17.3, , -9999.9,M,   -10.4, ,     4.7,E,    15.6,E, -9999.9,M
 1993,   -16.7, ,   -13.7,E,    -1.4, ,     4.3, ,    11.6,E,    14.2, ,    15.8, ,    16.0, ,    10.0, ,     4.1, ,    -7.7,E,   -10.1,E,     2.2,E,   -15.9,E,     4.8,E,    15.3, ,     2.1,E
 1994,   -21.3,E,   -19.9,E,    -2.1,E, -9999.9,M, -9999.9,M,    16.0,E, -9999.9,M, -9999.9,M, -9999.9,M, -9999.9,M, -9999.9,M, -9999.9,M, -9999.9,M,   -17.1,E, -9999.9,M, -9999.9,M, -9999.9,M
