4018880,WHITEWOOD           ,SASK, station not joined, Monthly mean of homogenized daily mean temperature                     , Deg Celcius,          Updated to December 2019
4018880,WHITEWOOD           ,SASK, station non jointe, Moyenne mensuelle des temperatures quotidiennes moyennes homogeneisees , Deg Celsius, Mise a jour jusqu a decembre 2019
 Year,     Jan, ,     Feb, ,     Mar, ,     Apr, ,     May, ,     Jun, ,     Jul, ,     Aug, ,     Sep, ,     Oct, ,     Nov, ,     Dec, ,  Annual, ,  Winter, ,  Spring, ,  Summer, ,  Autumn
Annee,    Janv, ,     Fev, ,    Mars, ,     Avr, ,     Mai, ,    Juin, ,    Juil, ,    Aout, ,    Sept, ,     Oct, ,     Nov, ,     Dec, ,  Annuel, ,   Hiver, ,Printemp, ,     Ete, , Automne
 1915,   -16.5, ,    -9.1, ,    -6.0, ,     8.1, ,     9.5, ,    11.2, ,    13.7, ,    16.7, ,     8.5, ,     5.4, ,    -6.1, ,   -12.9, ,     1.9, , -9999.9,M,     3.9, ,    13.9, ,     2.6, 
 1916,   -25.6, ,   -15.7, ,   -10.7, ,     1.6, ,     8.6, ,    12.6, ,    19.4, ,    15.5, ,     9.6, ,     2.2, ,    -4.4, ,   -18.3, ,    -0.4, ,   -18.1, ,    -0.2, ,    15.8, ,     2.5, 
 1917,   -21.6, ,   -21.3, ,    -8.4, ,    -0.5, ,     9.5, ,    12.9, ,    17.8, ,    15.5, ,    11.1, ,    -0.2, ,     2.0, ,   -22.1, ,    -0.4, ,   -20.4, ,     0.2, ,    15.4, ,     4.3, 
 1918,   -21.0, ,   -15.6, ,    -2.1, ,     4.8, ,     7.4, ,    15.0, ,    15.7, ,    15.8, ,     8.1, ,     5.1, ,    -3.3, ,   -11.2, ,     1.6, ,   -19.6, ,     3.4, ,    15.5, ,     3.3, 
 1919,   -10.0, ,   -18.9, ,   -11.5, ,     4.6, ,    12.1, ,    17.7, ,    18.3, ,    16.9, ,    11.0, ,    -2.7, ,   -11.8, ,   -15.8, ,     0.8, ,   -13.4, ,     1.7, ,    17.6, ,    -1.2, 
 1920,   -20.0, ,   -12.4, ,    -9.7, ,    -3.4, ,    10.9, ,    14.3, ,    17.4, ,    17.8, ,    12.0, ,     6.8, ,    -3.8, ,   -11.3, ,     1.6, ,   -16.1, ,    -0.7, ,    16.5, ,     5.0, 
 1921,   -13.2, ,   -10.6, ,    -8.6, ,     1.7, ,    10.1, ,    18.0, ,    18.5, ,    16.1, ,    10.8, ,     6.3, ,    -9.5, ,   -11.2, ,     2.4, ,   -11.7, ,     1.1, ,    17.5, ,     2.5, 
 1922,   -16.2, ,   -19.7, ,    -5.6, ,     3.5, ,    11.8, ,    15.9, ,    16.1, ,    17.4, ,    12.9, ,     5.1, ,    -3.8, ,   -16.8, ,     1.7, ,   -15.7, ,     3.2, ,    16.5, ,     4.7, 
 1923,   -16.7, ,   -18.5, ,   -13.7, ,     0.3, ,    10.6, ,    16.1, ,    18.7, ,    14.3, ,    12.5, ,     4.5, ,     0.0, ,    -8.6, ,     1.6, ,   -17.3, ,    -0.9, ,    16.4, ,     5.7, 
 1924,   -18.7, ,    -9.8, ,    -5.8, ,     1.5, ,     6.8, ,    12.5, ,    16.8, ,    14.2, ,    10.9, ,     7.4, ,    -6.6, ,   -20.0, ,     0.8, ,   -12.4, ,     0.8, ,    14.5, ,     3.9, 
 1925,   -17.5, ,   -15.9, ,    -7.3, ,     5.7, ,    10.7, ,    13.6, ,    17.3, ,    16.5, ,    10.6, ,    -1.6, ,    -4.6, ,    -9.4, ,     1.5, ,   -17.8, ,     3.0, ,    15.8, ,     1.5, 
 1926,   -10.7, ,    -8.3, ,    -6.9, ,     3.6, ,    11.6, ,    13.1, ,    18.1, ,    14.8, ,     7.6, ,     3.0, ,    -9.3, ,   -15.8, ,     1.7, ,    -9.5, ,     2.8, ,    15.3, ,     0.4, 
 1927,   -16.3, ,   -16.5, ,    -5.5, ,     2.1, ,     7.0, ,    14.8, ,    16.6, ,    15.3, ,    10.1, ,     5.6, ,   -11.3, ,   -20.2, ,     0.1, ,   -16.2, ,     1.2, ,    15.6, ,     1.5, 
 1928,   -12.7, ,   -11.3, ,    -7.2, ,    -1.5, ,    12.0, ,    12.8, ,    16.7, ,    14.1, ,     9.5, ,     2.9, ,    -2.6, ,    -9.0, ,     2.0, ,   -14.7, ,     1.1, ,    14.5, ,     3.3, 
 1929,   -24.0, ,   -18.3, ,    -4.6, ,     1.6, ,     6.5, ,    14.2, ,    17.7, ,    17.4, ,     8.7, ,     6.0, ,    -6.4, ,   -15.0, ,     0.3, ,   -17.1, ,     1.2, ,    16.4, ,     2.8, 
 1930,   -22.3, ,    -9.9, ,    -8.1, ,     5.4, , -9999.9,M,    14.7, ,    18.0, ,    17.6, ,    10.1, ,     0.9, ,    -5.4, ,    -8.1, , -9999.9,M,   -15.7, , -9999.9,M,    16.8, ,     1.9, 
 1931,    -8.5, ,    -5.5, ,    -7.2, ,     4.5, ,     9.7, ,    16.9, ,    18.3, ,    16.9, ,    11.8, ,     5.5, ,    -5.1, ,    -8.4, ,     4.1, ,    -7.4, ,     2.3, ,    17.4, ,     4.1, 
 1932,   -15.2, ,   -14.0, ,   -11.5, ,     3.5, ,    11.6, ,    17.0, ,    17.7, ,    16.8, ,    11.1, ,     0.7, ,    -8.0, ,   -14.7, ,     1.3, ,   -12.5, ,     1.2, ,    17.2, ,     1.3, 
 1933,   -16.8, ,   -16.8, ,    -7.0, ,     1.0, ,    10.2, ,    16.9, ,    17.8, ,    17.0, ,    10.9, ,     0.0, ,    -5.2, ,   -18.1, ,     0.8, ,   -16.1, ,     1.4, ,    17.2, ,     1.9, 
 1934,   -12.0, ,    -9.9, ,    -6.3, ,     3.3, ,    12.2, ,    13.8, ,    17.1, ,    15.5, ,     7.5, ,     6.0, ,    -3.0, ,   -14.7, ,     2.5, ,   -13.3, ,     3.1, ,    15.5, ,     3.5, 
 1935,   -20.8, ,    -9.0, ,    -9.0, ,     1.1, ,     8.1, ,    12.3, ,    20.1, ,    14.0, ,     9.5, ,     2.3, ,   -12.0, ,   -12.8, ,     0.3, ,   -14.8, ,     0.1, ,    15.5, ,    -0.1, 
 1936,   -23.5, ,   -27.2, ,    -6.6, ,    -1.2, ,    12.7, ,    14.5, ,    21.5, ,    16.6, ,    10.6, ,     2.1, ,    -3.7, ,   -13.0, ,     0.2, ,   -21.2, ,     1.6, ,    17.5, ,     3.0, 
 1937,   -25.7, ,   -16.6, ,    -7.6, ,     3.1, ,    11.6, ,    16.8, ,    20.5, ,    18.7, ,    10.9, ,     4.0, ,    -5.8, ,   -14.3, ,     1.3, ,   -18.4, ,     2.4, ,    18.7, ,     3.0, 
 1938,   -15.3, ,   -16.6, ,    -3.2, ,     2.9, ,     9.4, ,    15.7, ,    18.7, ,    16.7, ,    14.7, ,     8.0, ,    -7.6, ,   -11.0, ,     2.7, ,   -15.4, ,     3.0, ,    17.0, ,     5.0, 
 1939,   -13.0, ,   -22.4, ,    -9.0, ,     3.0, ,    12.6, ,    12.7, ,    20.4, ,    17.9, ,    11.3, ,     1.3, ,     0.1, ,    -5.7, ,     2.4, ,   -15.5, ,     2.2, ,    17.0, ,     4.2, 
 1940,   -17.4, ,   -12.7, ,    -7.8, ,     1.4, ,    12.0, ,    14.4, ,    18.1, ,    17.5, ,    14.5, ,     7.7, ,    -8.2, ,    -9.7, ,     2.5, ,   -11.9, ,     1.9, ,    16.7, ,     4.7, 
 1941,   -14.5, ,   -14.2, ,    -6.7, ,     4.3, ,    12.3, ,    16.9, ,    19.8, ,    16.8, ,     9.7, ,     5.1, ,    -3.4, ,    -8.9, ,     3.1, ,   -12.8, ,     3.3, ,    17.8, ,     3.8, 
 1942,    -9.7, ,   -12.8, ,    -4.0, ,     4.2, ,     9.1, ,    13.7, ,    16.8, ,    15.8, ,     9.8, ,     5.7, ,    -6.0, ,   -15.7, ,     2.2, ,   -10.5, ,     3.1, ,    15.4, ,     3.2, 
 1943,   -21.0, ,   -11.8, ,   -12.5, ,     4.6, ,     7.5, ,    13.1, ,    19.0, ,    16.0, ,     9.8, ,     6.8, ,    -3.5, ,    -7.6, ,     1.7, ,   -16.2, ,    -0.1, ,    16.0, ,     4.4, 
 1944,    -8.1, ,   -13.7, ,   -11.8, ,     3.9, ,    12.5, ,    14.6, ,    17.6, ,    15.2, ,    10.5, ,     6.9, ,    -5.0, ,   -11.9, ,     2.6, ,    -9.8, ,     1.5, ,    15.8, ,     4.1, 
 1945,   -14.4, ,   -14.0, ,    -2.9, ,    -1.3, ,     5.7, ,    11.7, ,    17.2, ,    16.4, ,     8.4, ,     3.3, ,    -9.6, ,   -16.5, ,     0.3, ,   -13.4, ,     0.5, ,    15.1, ,     0.7, 
 1946,   -15.4, ,   -16.8, ,    -3.6, ,     6.0, ,     8.9, ,    15.5, ,    19.9, ,    16.3, ,    11.7, ,     2.5, , -9999.9,M, -9999.9,M, -9999.9,M,   -16.2, ,     3.8, ,    17.2, , -9999.9,M
 1947,   -12.8, ,   -18.4, ,    -8.9, ,     2.2, ,     9.0, ,    14.6, ,    20.5, ,    17.3, ,     9.7, ,     8.1, ,    -7.0, ,   -12.7, ,     1.8, , -9999.9,M,     0.8, ,    17.5, ,     3.6, 
 1948,   -14.7, ,   -17.5, ,   -10.9, ,    -1.4, ,    11.7, ,    15.6, ,    18.0, ,    17.5, ,    13.4, ,     5.9, ,    -5.1, ,   -15.0, ,     1.5, ,   -15.0, ,    -0.2, ,    17.0, ,     4.7, 
 1949,   -19.3, ,   -19.4, ,    -7.8, ,     7.2, ,    11.2, ,    15.3, ,    17.3, ,    18.7, ,    10.3, ,     3.1, ,     0.6, ,   -16.6, ,     1.7, ,   -17.9, ,     3.5, ,    17.1, ,     4.7, 
 1950,   -28.2, ,   -15.6, ,   -10.2, ,    -1.0, ,     8.6, ,    14.0, ,    16.8, ,    15.0, ,    11.5, ,     5.4, ,    -9.7, ,   -15.4, ,    -0.7, ,   -20.1, ,    -0.9, ,    15.3, ,     2.4, 
 1951,   -18.6, ,   -14.6, ,   -13.6, ,     1.4, ,    12.5, ,    12.8, ,    17.5, ,    14.4, ,     9.1, ,     2.5, ,    -7.9, ,   -16.5, ,    -0.1, ,   -16.2, ,     0.1, ,    14.9, ,     1.2, 
 1952,   -18.7, ,   -11.0, ,    -8.2, ,     8.3, ,    10.8, ,    14.5, ,    16.4, ,    15.9, ,    12.7, ,     4.5, ,    -3.0, ,    -9.2, ,     2.8, ,   -15.4, ,     3.6, ,    15.6, ,     4.7, 
 1953,   -13.8, ,   -10.4, ,    -7.5, ,     0.6, ,     9.5, ,    15.5, ,    17.3, ,    17.1, ,    10.7, ,     7.7, ,    -1.2, ,    -9.2, ,     3.0, ,   -11.1, ,     0.9, ,    16.6, ,     5.7, 
 1954,   -23.1, ,    -4.1, ,    -8.9, ,    -1.3, ,     7.0, ,    13.9, ,    18.1, , -9999.9,M,     9.1, ,     4.1, ,    -0.7, ,    -6.9, , -9999.9,M,   -12.1, ,    -1.1, , -9999.9,M,     4.2, 
 1955,   -14.7, ,   -16.6, ,   -13.6, ,     4.8, ,    10.1, ,    14.8, ,    17.9, ,    17.3, ,     9.0, ,     4.6, ,   -13.6, ,   -19.0, ,     0.1, ,   -12.7, ,     0.4, ,    16.7, ,     0.0, 
 1956,   -18.0, ,   -16.1, ,    -9.6, ,    -1.0, ,    10.1, ,    17.6, ,    16.6, ,    16.3, ,     9.5, ,     5.1, ,    -4.7, ,   -13.0, ,     1.1, ,   -17.7, ,    -0.2, ,    16.8, ,     3.3, 
 1957,   -20.2, ,   -15.2, ,    -8.0, ,     1.9, ,    11.9, ,    13.4, ,    20.0, ,    15.5, ,    10.5, ,     4.1, ,    -4.7, ,   -10.6, ,     1.6, ,   -16.1, ,     1.9, ,    16.3, ,     3.3, 
 1958,   -11.0, ,   -15.1, ,    -5.1, ,     5.0, ,    12.0, ,    12.7, ,    16.4, ,    17.2, ,    10.7, ,     5.5, ,    -5.9, ,   -14.3, ,     2.3, ,   -12.2, ,     4.0, ,    15.4, ,     3.4, 
 1959,   -20.4, ,   -15.1, ,    -2.3, , -9999.9,M,     8.9, ,    15.9, ,    18.4, ,    17.4, ,     9.5, ,     0.2, ,    -8.2, ,    -5.9, , -9999.9,M,   -16.6, , -9999.9,M,    17.2, ,     0.5, 
 1960,   -17.4, ,   -12.8, ,   -11.2, ,     2.6, ,    11.2, ,    14.5, ,    19.8, ,    17.6, ,    12.3, ,     6.0, ,    -5.9, ,   -11.8, ,     2.1, ,   -12.0, ,     0.9, ,    17.3, ,     4.1, 
 1961,   -13.6, ,   -10.1, ,    -3.5, ,     1.1, ,    10.0, ,    18.3, ,    19.0, ,    20.3, ,     9.2, ,     5.6, ,    -4.9, ,   -18.1, ,     2.8, ,   -11.8, ,     2.5, ,    19.2, ,     3.3, 
 1962,   -17.4, ,   -18.7, ,    -8.7, ,     3.2, ,     9.1, ,    16.8, ,    16.5, ,    17.3, ,    10.4, ,     7.3, ,    -0.4, ,   -10.2, ,     2.1, ,   -18.1, ,     1.2, ,    16.9, ,     5.8, 
 1963,   -21.3, ,   -13.9, ,    -3.9, ,     3.7, ,     8.7, ,    15.2, ,    19.1, ,    17.6, ,    13.4, ,    10.6, ,    -3.2, ,   -14.2, ,     2.7, ,   -15.1, ,     2.8, ,    17.3, ,     6.9, 
 1964,   -12.5, ,    -9.6, ,   -13.0, ,     4.6, ,    11.5, ,    14.3, ,    19.1, ,    14.7, ,     9.8, ,     6.4, ,    -5.9, ,   -19.5, ,     1.7, ,   -12.1, ,     1.0, ,    16.0, ,     3.4, 
 1965,   -19.6, ,   -16.7, ,   -12.7, ,     2.9, ,     9.4, ,    15.4, ,    18.1, ,    17.3, ,     5.6, ,     7.1, ,    -8.4, ,   -10.3, ,     0.7, ,   -18.6, ,    -0.1, ,    16.9, ,     1.4, 
 1966,   -25.8, ,   -16.3, ,    -4.8, ,    -0.1, ,     9.1, ,    15.3, ,    19.1, ,    15.6, ,    12.7, , -9999.9,M,   -10.5, ,   -13.6, , -9999.9,M,   -17.5, ,     1.4, ,    16.7, , -9999.9,M
 1967,   -16.8, ,   -17.3, ,    -9.9, ,    -1.2, ,     8.6, ,    14.9, ,    17.8, ,    17.3, ,    15.0, ,     4.1, ,    -4.8, ,   -12.4, ,     1.3, ,   -15.9, ,    -0.8, ,    16.7, ,     4.8, 
 1968, -9999.9,M, -9999.9,M, -9999.9,M, -9999.9,M, -9999.9,M, -9999.9,M, -9999.9,M, -9999.9,M, -9999.9,M, -9999.9,M, -9999.9,M, -9999.9,M, -9999.9,M, -9999.9,M, -9999.9,M, -9999.9,M, -9999.9,M
 1969, -9999.9,M, -9999.9,M, -9999.9,M, -9999.9,M, -9999.9,M, -9999.9,M, -9999.9,M, -9999.9,M, -9999.9,M, -9999.9,M, -9999.9,M, -9999.9,M, -9999.9,M, -9999.9,M, -9999.9,M, -9999.9,M, -9999.9,M
 1970, -9999.9,M, -9999.9,M, -9999.9,M, -9999.9,M, -9999.9,M, -9999.9,M, -9999.9,M, -9999.9,M, -9999.9,M, -9999.9,M, -9999.9,M, -9999.9,M, -9999.9,M, -9999.9,M, -9999.9,M, -9999.9,M, -9999.9,M
 1971, -9999.9,M, -9999.9,M, -9999.9,M, -9999.9,M, -9999.9,M, -9999.9,M, -9999.9,M, -9999.9,M, -9999.9,M, -9999.9,M, -9999.9,M, -9999.9,M, -9999.9,M, -9999.9,M, -9999.9,M, -9999.9,M, -9999.9,M
 1972, -9999.9,M, -9999.9,M, -9999.9,M, -9999.9,M, -9999.9,M, -9999.9,M, -9999.9,M, -9999.9,M, -9999.9,M, -9999.9,M, -9999.9,M, -9999.9,M, -9999.9,M, -9999.9,M, -9999.9,M, -9999.9,M, -9999.9,M
 1973, -9999.9,M, -9999.9,M, -9999.9,M, -9999.9,M, -9999.9,M, -9999.9,M, -9999.9,M, -9999.9,M,    10.4, ,     6.9, ,   -10.6, ,   -15.4, , -9999.9,M, -9999.9,M, -9999.9,M, -9999.9,M,     2.2, 
 1974,   -21.4, ,   -14.0, ,   -11.9, ,     1.3, ,     6.6, ,    16.0, ,    19.4, ,    14.5, ,     9.2, ,     6.3, ,    -3.1, ,    -8.2, ,     1.2, ,   -16.9, ,    -1.3, ,    16.6, ,     4.1, 
 1975,   -14.4, ,   -15.4, ,   -11.0, ,    -0.6, ,     9.9, ,    14.8, ,    20.3, ,    15.0, ,    10.2, ,     4.9, ,    -3.5, ,   -13.0, ,     1.4, ,   -12.7, ,    -0.6, ,    16.7, ,     3.9, 
 1976,   -15.0, ,   -10.7, ,    -9.4, ,     4.6, ,    12.1, ,    16.1, ,    18.3, ,    17.8, ,    12.2, ,     1.8, ,    -5.6, ,   -15.1, ,     2.3, ,   -12.9, ,     2.4, ,    17.4, ,     2.8, 
 1977,   -20.7, ,    -7.9, ,    -3.8, ,     7.6, ,    15.2, ,    16.0, ,    17.3, ,    13.1, ,    10.7, ,     6.7, ,    -5.8, ,   -18.2, ,     2.5, ,   -14.6, ,     6.3, ,    15.5, ,     3.9, 
 1978,   -22.3, ,   -16.7, ,    -6.5, ,     3.5, ,    13.1, ,    15.8, ,    17.1, ,    16.1, ,    12.9, ,     6.0, ,    -9.1, ,   -16.1, ,     1.2, ,   -19.1, ,     3.4, ,    16.3, ,     3.3, 
 1979,   -22.2, ,   -23.1, ,    -9.3, ,    -2.9, ,     7.2, ,    15.9, ,    19.4, ,    16.2, ,    12.6, ,     4.4, ,    -4.8, ,    -9.9, ,     0.3, ,   -20.5, ,    -1.7, ,    17.2, ,     4.1, 
 1980,   -18.2, ,   -14.7, ,    -9.1, ,     8.2, ,    14.7, ,    15.5, ,    18.5, ,    15.0, ,    10.9, ,     4.7, ,    -1.2, ,   -14.3, ,     2.5, ,   -14.3, ,     4.6, ,    16.3, ,     4.8, 
 1981,   -11.7, ,    -9.1, ,     0.1, ,     4.8, ,    10.8, ,    14.2, ,    19.2, ,    19.2, ,    12.4, ,     3.5, ,     0.6, ,   -12.7, ,     4.3, ,   -11.7, ,     5.2, ,    17.5, ,     5.5, 
 1982,   -25.5, ,   -15.0, ,    -7.9, ,     1.7, ,    10.3, ,    14.1, ,    18.2, ,    16.4, ,    11.3, ,     5.5, ,    -6.6, ,   -10.7,E,     1.0,E,   -17.7, ,     1.4, ,    16.2, ,     3.4, 
 1983,   -12.1, ,   -10.7, ,    -7.8, ,    -0.2, ,     7.7, ,    15.3, ,    19.6, ,    21.5, ,    10.6, ,     5.3, ,    -2.8, ,   -21.4, ,     2.1, ,   -11.2,E,    -0.1, ,    18.8, ,     4.4, 
 1984,   -12.8, ,    -4.1, ,    -7.1,E,     6.1, ,     9.5, ,    16.1, ,    19.4,E,    20.5, ,     8.4, ,     2.8, ,    -7.6, ,   -18.5,E,     2.7,E,   -12.8, ,     2.8,E,    18.7,E,     1.2, 
 1985,   -16.4, ,   -15.7, ,    -3.8, ,     6.4, ,    12.5, ,    12.1, ,    17.4, ,    14.4,E,     8.0, ,     4.4, ,   -13.9,E,   -14.6, ,     0.9,E,   -16.9,E,     5.0, ,    14.6,E,    -0.5,E
 1986,    -9.6, ,   -14.3, ,    -1.5,E,     3.2, ,    12.4, ,    15.6, ,    17.4, ,    16.6, ,     9.5, ,     5.7, ,    -8.8, ,    -8.7, ,     3.1,E,   -12.8, ,     4.7,E,    16.5, ,     2.1, 
 1987,    -9.0, ,    -7.0, ,    -3.7, ,     8.3, ,    13.7, ,    17.7, ,    17.2, ,    15.2, ,    13.0, ,     3.6, ,    -0.8, ,    -7.4, ,     5.1, ,    -8.2, ,     6.1, ,    16.7, ,     5.3, 
 1988,   -17.2,E,   -13.1, ,    -4.6, ,     5.1, ,    13.0, ,    21.0, ,    19.2, ,    17.2, ,    10.6, ,     3.9, ,    -5.3, ,   -11.5,E,     3.2,E,   -12.6,E,     4.5, ,    19.1, ,     3.1, 
 1989,   -13.7, ,   -18.5, ,    -9.9, ,     4.2, ,    12.8, ,    15.1, ,    20.4, ,    18.0, ,    12.1, ,     5.0, ,    -5.9, ,   -16.7,E,     1.9,E,   -14.6,E,     2.4, ,    17.8, ,     3.7, 
 1990,   -10.5, ,   -14.1, ,    -3.9, ,     2.9, ,    10.2, ,    16.5, ,    17.4,E,    18.1,E,    13.5, ,     4.0, ,    -5.5,E,   -17.6,E,     2.6,E,   -13.8,E,     3.1, ,    17.3,E,     4.0,E
 1991,   -17.6, ,    -7.6, ,    -6.1,E,     6.1, ,    11.8, ,    17.3,E,    17.9, ,    18.6, ,    10.8, ,     1.1, ,    -8.1, ,   -11.1,E,     2.8,E,   -14.3,E,     3.9,E,    17.9,E,     1.3, 
 1992,    -9.9,E,    -9.5, ,    -1.9, ,     2.5, ,    10.8, ,    14.3,E,    15.2,E,    14.8, ,     9.9, , -9999.9,M,    -3.4, ,   -17.2, , -9999.9,M,   -10.2,E,     3.8, ,    14.8,E, -9999.9,M
 1993,   -15.9, ,   -12.1, ,    -2.4, ,     2.9, ,    10.5,E,    13.1, ,    15.3,E,    15.7, ,     9.6, ,     3.1, ,    -7.7, ,   -10.3, ,     1.8,E,   -15.1, ,     3.7,E,    14.7,E,     1.7, 
 1994,   -22.4,E,   -19.5, ,    -2.0, ,     3.8, ,    12.1, ,    15.5, ,    17.2, ,    16.2, ,    13.9, ,     6.7, ,    -2.9, ,   -10.7, ,     2.3,E,   -17.4,E,     4.6, ,    16.3, ,     5.9, 
 1995,   -15.0, ,   -12.5,E,    -7.3, ,    -0.8, ,    10.0, ,    17.6, ,    17.6, ,    17.2, ,    11.3,E,     4.7, ,    -9.7,E,   -15.4, ,     1.5,E,   -12.7,E,     0.6, ,    17.5, ,     2.1,E
 1996,   -22.1, ,   -12.4, ,   -11.0, ,    -0.3, ,     8.3, ,    17.0,E,    17.5, ,    18.3, ,    11.0, ,     3.1, ,   -11.2, ,   -18.6, ,     0.0,E,   -16.6, ,    -1.0, ,    17.6,E,     1.0, 
 1997,   -20.2, ,   -10.8,E,    -8.8, ,     0.7, ,     9.6, ,    18.0, ,    19.0, ,    17.8, ,    13.9, ,     4.1, ,    -4.6, ,    -4.9, ,     2.8,E,   -16.5,E,     0.5, ,    18.3, ,     4.5, 
 1998,   -16.1,E,    -5.3, ,    -8.6, ,     6.9, ,    11.5, ,    14.0, ,    18.8, ,    19.5, ,    13.8, ,     5.5, ,    -4.2, ,   -12.6, ,     3.6,E,    -8.8,E,     3.3, ,    17.4, ,     5.0, 
 1999,   -16.9, ,    -8.7, ,    -3.8, ,     5.8, ,    10.5, ,    14.6, ,    17.2, ,    17.2, ,     9.8, ,     3.8, ,    -0.3, ,    -6.0, ,     3.6, ,   -12.7, ,     4.2, ,    16.3, ,     4.4, 
 2000,   -15.6, ,    -8.9, ,    -0.3, ,     3.5, ,    10.4, ,    13.2, ,    19.2, ,    17.0, ,    11.3, ,     5.8, ,    -8.3, ,   -20.9, ,     2.2, ,   -10.2, ,     4.5, ,    16.5, ,     2.9, 
 2001,    -9.3, ,   -17.6, ,    -6.0, ,     2.9, ,    11.8, ,    14.7, ,    19.0, ,    18.9, ,    12.7, ,     3.8, ,     0.3, ,   -11.4, ,     3.3, ,   -15.9, ,     2.9, ,    17.5, ,     5.6, 
 2002,   -13.0, ,    -7.7, ,   -12.7, ,     0.3, ,     7.6, ,    16.4, ,    19.4, ,    16.5, ,    12.0, ,    -1.3, ,    -5.0, ,    -7.9, ,     2.1, ,   -10.7, ,    -1.6, ,    17.4, ,     1.9, 
 2003,   -15.5, ,   -17.5, ,    -9.0, ,     4.9, ,    11.6, ,    15.8, ,    19.1, ,    20.4, ,    11.4, ,     6.6, ,    -9.8, ,    -9.5, ,     2.4, ,   -13.6, ,     2.5, ,    18.4, ,     2.7, 
 2004,   -19.9, ,   -11.0, ,    -4.8, ,     4.1, ,     7.1, ,    12.8, ,    17.1, ,    13.9, ,    12.4, ,     4.5, ,    -0.6, ,   -12.0, ,     2.0, ,   -13.5, ,     2.1, ,    14.6, ,     5.4, 
 2005,   -18.1, ,   -11.6, ,    -6.9, ,     6.3, ,     9.4, ,    15.7, ,    18.5, ,    16.3, ,    12.5, ,     5.3, ,    -3.5, ,    -8.9, ,     2.9, ,   -13.9, ,     2.9, ,    16.8, ,     4.8, 
 2006,    -5.8, ,   -13.3, ,    -6.3, ,     8.0, ,    11.5, ,    16.9, ,    19.6, ,    18.3, ,    12.1, ,     2.3, ,    -6.1, ,    -9.8, ,     4.0, ,    -9.3, ,     4.4, ,    18.3, ,     2.8, 
 2007,   -12.4, ,   -17.1, ,    -3.3,E,     4.2, ,    10.8, ,    15.8, ,    20.7, ,    16.3, ,    12.2, ,     6.4, ,    -5.0, , -9999.9,M, -9999.9,M,   -13.1, ,     3.9,E,    17.6, ,     4.5, 
 2008,   -14.5, ,   -15.3, ,    -6.2, , -9999.9,M, -9999.9,M, -9999.9,M, -9999.9,M, -9999.9,M, -9999.9,M, -9999.9,M, -9999.9,M, -9999.9,M, -9999.9,M, -9999.9,M, -9999.9,M, -9999.9,M, -9999.9,M
