4014913,CARLYLE             ,SASK, station not joined, Monthly mean of homogenized daily mean temperature                     , Deg Celcius,          Updated to December 2019
4014913,CARLYLE             ,SASK, station non jointe, Moyenne mensuelle des temperatures quotidiennes moyennes homogeneisees , Deg Celsius, Mise a jour jusqu a decembre 2019
 Year,     Jan, ,     Feb, ,     Mar, ,     Apr, ,     May, ,     Jun, ,     Jul, ,     Aug, ,     Sep, ,     Oct, ,     Nov, ,     Dec, ,  Annual, ,  Winter, ,  Spring, ,  Summer, ,  Autumn
Annee,    Janv, ,     Fev, ,    Mars, ,     Avr, ,     Mai, ,    Juin, ,    Juil, ,    Aout, ,    Sept, ,     Oct, ,     Nov, ,     Dec, ,  Annuel, ,   Hiver, ,Printemp, ,     Ete, , Automne
 1923, -9999.9,M, -9999.9,M, -9999.9,M, -9999.9,M,    10.8, ,    17.6, , -9999.9,M,    15.6, ,    13.8, ,     5.3, ,     0.0, ,   -10.1, , -9999.9,M, -9999.9,M, -9999.9,M, -9999.9,M,     6.4, 
 1924,   -19.9, ,    -8.6, ,    -4.1, ,     1.8, ,     7.2, ,    12.8, ,    17.0, ,    14.5, ,    10.7, ,     7.6, ,    -6.1, ,   -20.2, ,     1.1, ,   -12.9, ,     1.6, ,    14.8, ,     4.1, 
 1925,   -17.1, ,   -15.3, ,    -7.5, ,     5.7, ,    10.0, ,    13.9, ,    17.6, ,    16.3, ,    10.7, ,    -1.5, ,    -4.9, ,   -10.2, ,     1.5, ,   -17.5, ,     2.7, ,    15.9, ,     1.4, 
 1926,   -10.8, ,    -9.1, ,    -6.7, ,     3.0, ,    11.1, ,    12.5, ,    18.1, ,    14.1, ,     7.0, ,     2.9, ,    -9.5, ,   -17.1, ,     1.3, ,   -10.0, ,     2.5, ,    14.9, ,     0.1, 
 1927,   -18.8, ,   -17.0, ,    -6.3, ,     1.4, ,     5.7, ,    13.5, ,    16.4, ,    15.5, ,    10.5, ,     5.9, ,   -11.5, ,   -22.2, ,    -0.6, ,   -17.6, ,     0.3, ,    15.1, ,     1.6, 
 1928,   -15.9, ,   -11.6, ,    -7.8, ,    -1.2, ,    12.4, ,    13.0, ,    16.4, ,    15.1, ,     9.2, ,     2.8, ,    -2.8, ,   -10.2, ,     1.6, ,   -16.6, ,     1.1, ,    14.8, ,     3.1, 
 1929,   -24.0, ,   -18.8, ,    -4.4, ,     2.1, ,     6.7, ,    13.5, ,    18.6, ,    17.5, ,     8.2, ,     6.1, ,    -8.0, ,   -17.1, ,     0.0, ,   -17.7, ,     1.5, ,    16.5, ,     2.1, 
 1930,   -22.7, ,   -11.1, ,    -8.6, ,     5.7, ,     7.7, ,    15.1, ,    18.6, ,    18.6, ,    10.4, ,     2.0, ,    -5.1, ,   -11.1, ,     1.6, ,   -17.0, ,     1.6, ,    17.4, ,     2.4, 
 1931,   -10.4, ,    -4.6, ,    -5.9, ,     4.6, ,    10.3, ,    17.2, ,    18.4, ,    16.9, ,    12.3, ,     6.0, ,    -5.1, ,   -10.3, ,     4.1, ,    -8.7, ,     3.0, ,    17.5, ,     4.4, 
 1932,   -16.7, ,   -14.6, ,    -9.9, ,     4.2, ,    11.3, ,    17.5, ,    18.0, ,    17.5, ,    11.7, ,     0.3, ,    -8.3, ,   -14.4, ,     1.4, ,   -13.9, ,     1.9, ,    17.7, ,     1.2, 
 1933,   -16.8, ,   -18.9, ,    -5.8, ,     1.6, ,    11.2, ,    18.2, ,    19.1, ,    18.7, ,    13.7, ,     0.8, ,    -5.2, ,   -19.8, ,     1.4, ,   -16.7, ,     2.3, ,    18.7, ,     3.1, 
 1934,   -14.3, ,   -10.9, ,    -5.7, ,     4.0, ,    13.9, ,    15.1, ,    19.4, ,    16.8, ,     8.5, ,     7.1, ,    -2.5, ,   -15.5, ,     3.0, ,   -15.0, ,     4.1, ,    17.1, ,     4.4, 
 1935,   -21.2, ,   -11.7, ,    -9.1, ,     1.4, ,     7.9, ,    12.6, ,    19.7, ,    15.5, ,    11.0, ,     3.7, ,   -12.8, ,   -14.4, ,     0.2, ,   -16.1, ,     0.1, ,    15.9, ,     0.6, 
 1936,   -25.0, ,   -26.9, ,    -7.6, ,    -1.7, ,    13.7, ,    15.1, ,    22.9, ,    17.4, ,    11.5, ,     2.7, ,    -4.3, ,   -13.8, ,     0.3, ,   -22.1, ,     1.5, ,    18.5, ,     3.3, 
 1937,   -26.8, ,   -17.7, ,    -7.6, ,     2.9, ,    11.6, ,    16.7, ,    20.6, ,    20.1, ,    12.4, ,     4.5, ,    -6.3, ,   -14.8, ,     1.3, ,   -19.4, ,     2.3, ,    19.1, ,     3.5, 
 1938,   -15.8, ,   -17.1, ,    -2.6, ,     3.8, ,     9.6, ,    16.1, ,    19.1, ,    18.3, ,    15.4, ,     8.1, ,    -7.4, ,   -10.6, ,     3.1, ,   -15.9, ,     3.6, ,    17.8, ,     5.4, 
 1939,   -13.9, ,   -22.2, ,    -8.0, ,     4.2, ,    13.2, ,    12.9, ,    21.0, ,    18.5, ,    12.4, ,     1.8, ,    -0.8, ,    -6.4, ,     2.7, ,   -15.6, ,     3.1, ,    17.5, ,     4.5, 
 1940,   -19.1, ,   -12.9, ,    -8.6, ,     1.0, ,    11.9, ,    14.5, ,    19.6, ,    18.2, ,    15.2, ,     7.8, ,    -9.2, ,   -11.9, ,     2.2, ,   -12.8, ,     1.4, ,    17.4, ,     4.6, 
 1941,   -14.5, ,   -14.4, ,    -6.7, ,     4.5, ,    12.6, ,    16.2, ,    19.8, ,    17.2, ,     9.9, ,     4.9, ,    -4.0, ,   -10.0, ,     3.0, ,   -13.6, ,     3.5, ,    17.7, ,     3.6, 
 1942,   -11.4, ,   -12.4, ,    -3.3, ,     5.3, ,     9.2, ,    13.4, ,    17.0, ,    16.0, ,    10.2, ,     6.4, ,    -6.7, ,   -16.3, ,     2.3, ,   -11.3, ,     3.7, ,    15.5, ,     3.3, 
 1943,   -22.1, ,   -13.6, ,   -13.9, ,     3.8, ,     8.0, ,    13.0, ,    19.3, ,    17.1, ,    10.6, ,     7.8, ,    -3.2, ,    -7.8, ,     1.6, ,   -17.3, ,    -0.7, ,    16.5, ,     5.1, 
 1944,    -9.0, ,   -13.4, ,   -11.7, ,     4.4, ,    13.6, ,    14.2, ,    17.3, ,    16.2, ,    11.6, ,     7.0, ,    -5.1, ,   -12.0, ,     2.8, ,   -10.1, ,     2.1, ,    15.9, ,     4.5, 
 1945,   -14.0, ,   -12.7, ,    -1.5, ,     0.0, ,     6.6, ,    12.9, ,    17.6, ,    16.7, ,     9.8, ,     4.6, ,    -9.4, ,   -16.9, ,     1.1, ,   -12.9, ,     1.7, ,    15.7, ,     1.7, 
 1946,   -15.7, ,   -16.0, ,    -4.2, ,     6.8, ,     8.8, ,    14.3, ,    18.3, ,    15.9, ,    12.2, ,     1.9, ,    -8.6, ,   -16.6, ,     1.4, ,   -16.2, ,     3.8, ,    16.2, ,     1.8, 
 1947,   -13.5, ,   -19.3, ,   -10.3, ,     2.4, ,     7.6, ,    12.5, ,    19.3, ,    17.2, ,     9.8, ,     8.3, ,    -8.1, ,   -15.0, ,     0.9, ,   -16.5, ,    -0.1, ,    16.3, ,     3.3, 
 1948, -9999.9,M, -9999.9,M,   -13.2, ,    -2.1, ,    11.4, ,    15.5, ,    17.6, ,    17.8, ,    14.8, ,     6.3, ,    -4.7, ,   -16.0, , -9999.9,M, -9999.9,M,    -1.3, ,    17.0, ,     5.5, 
 1949,   -20.7, ,   -20.6, ,    -9.5, ,     6.2, ,    11.8, ,    14.4, ,    17.4, ,    18.8, ,    11.0, ,     3.1, ,     0.2, ,   -18.6, ,     1.1, ,   -19.1, ,     2.8, ,    16.9, ,     4.8, 
 1950,   -28.6, ,   -16.8, ,   -11.3, ,    -1.5, ,     8.1, ,    13.6, ,    16.7, ,    14.8, ,    11.4, ,     5.3, ,    -9.8, ,   -16.1, ,    -1.2, ,   -21.3, ,    -1.6, ,    15.0, ,     2.3, 
 1951,   -20.0, ,   -16.3, ,   -15.7, ,     0.9, ,    11.4, ,    12.6, ,    17.6, ,    14.3, ,     8.8, ,     2.7, ,    -8.8, ,   -17.2, ,    -0.8, ,   -17.5, ,    -1.1, ,    14.8, ,     0.9, 
 1952,   -20.4, ,   -11.0, ,    -9.1, ,     8.2, ,    11.0, ,    13.8, ,    16.0, ,    16.3, ,    12.2, ,     3.5, ,    -4.3, ,   -10.7, ,     2.1, ,   -16.2, ,     3.4, ,    15.4, ,     3.8, 
 1953,   -15.2, ,   -12.2, ,    -8.8, ,     0.1, ,     9.1, ,    14.2, ,    17.0, ,    17.5, ,    10.6, ,     9.0, ,    -0.4, ,   -10.6, ,     2.5, ,   -12.7, ,     0.1, ,    16.2, ,     6.4, 
 1954,   -24.0, , -9999.9,M,    -9.1, ,    -1.1, ,     7.4, ,    13.3, ,    17.5, ,    15.3, ,     9.7, ,     4.5, ,    -0.6, ,    -6.3, , -9999.9,M, -9999.9,M,    -0.9, ,    15.4, ,     4.5, 
 1955,   -15.4, ,   -18.1, ,   -14.8, ,     4.7, ,    10.3, ,    14.4, ,    18.8, ,    18.0, ,     9.9, ,     5.4, ,   -12.9, ,   -20.0, ,     0.0, ,   -13.3, ,     0.1, ,    17.1, ,     0.8, 
 1956,   -18.3, ,   -17.0, ,   -10.3, ,    -0.9, ,     9.6, ,    17.7, ,    15.8, ,    16.1, ,     9.9, ,     6.0, ,    -4.3, ,   -14.4, ,     0.8, ,   -18.4, ,    -0.5, ,    16.5, ,     3.9, 
 1957,   -21.3, ,   -15.4, ,    -5.9, ,     2.5, ,    11.6, ,    14.1, ,    21.0, ,    16.4, ,    11.3, ,     4.4, ,    -4.2, ,   -10.7, ,     2.0, ,   -17.0, ,     2.7, ,    17.2, ,     3.8, 
 1958,   -10.2, ,   -15.0, ,    -5.7, ,     5.6, ,    12.4, ,    13.6, ,    16.8, ,    18.2, ,    11.6, ,     6.0, ,    -5.4, ,   -15.6, ,     2.7, ,   -12.0, ,     4.1, ,    16.2, ,     4.1, 
 1959,   -19.6, ,   -16.0, ,    -2.0, ,     3.7, ,     9.1, ,    16.1, ,    18.9, ,    17.9, ,    10.5, ,     1.1, ,    -8.4, ,    -7.8, ,     2.0, ,   -17.1, ,     3.6, ,    17.6, ,     1.1, 
 1960,   -17.8, ,   -14.2, ,   -11.1, ,     2.7, ,    11.1, ,    14.4, ,    20.0, ,    17.9, ,    12.9, ,     6.2, ,    -6.3, ,   -10.6, ,     2.1, ,   -13.3, ,     0.9, ,    17.4, ,     4.3, 
 1961, -9999.9,M, -9999.9,M,    -3.9, ,     1.5, ,    10.2, ,    18.8, , -9999.9,M, -9999.9,M, -9999.9,M,     5.6, ,    -4.5, ,   -18.1, , -9999.9,M, -9999.9,M,     2.6, , -9999.9,M, -9999.9,M
 1962, -9999.9,M, -9999.9,M, -9999.9,M, -9999.9,M, -9999.9,M, -9999.9,M,    17.0, ,    17.8, ,    11.1, ,     7.0, ,    -0.9, ,   -11.0, , -9999.9,M, -9999.9,M, -9999.9,M, -9999.9,M,     5.7, 
 1963,   -20.0, ,   -13.4, ,    -3.4, ,     4.0, ,     9.2, ,    16.0, ,    19.9, ,    18.2, ,    14.4, ,    10.5, ,    -3.2, ,   -14.0, ,     3.2, ,   -14.8, ,     3.3, ,    18.0, ,     7.2, 
 1964,   -12.9, ,    -9.5, ,   -11.7, ,     4.8, ,    11.6, ,    15.1, ,    19.3, ,    15.3, ,     9.5, ,     5.9, ,    -5.6, ,   -20.5, ,     1.8, ,   -12.1, ,     1.6, ,    16.6, ,     3.3, 
 1965,   -19.1, ,   -16.3, ,   -12.7, ,     3.0, ,     9.5, ,    15.4, ,    18.6, ,    17.5, ,     5.7, ,     6.8, ,    -7.9, ,   -10.8, ,     0.8, ,   -18.6, ,    -0.1, ,    17.2, ,     1.5, 
 1966,   -25.3, ,   -16.5, ,    -4.3, ,     0.5, ,     9.5, ,    15.5, ,    20.1, ,    16.7, ,    12.9, ,     4.6, ,   -10.3, ,   -13.5, ,     0.8, ,   -17.5, ,     1.9, ,    17.4, ,     2.4, 
 1967,   -16.0, ,   -17.2, ,    -9.5, ,     0.5, ,     8.5, ,    15.2, ,    18.4, ,    17.8, ,    15.0, ,     3.7, ,    -5.0, ,   -12.6, ,     1.6, ,   -15.6, ,    -0.2, ,    17.1, ,     4.6, 
 1968,   -18.1, ,   -14.5, ,    -1.7, ,     4.3, ,     9.4, ,    14.6, ,    18.2, ,    14.9, ,    12.3, ,     4.7, ,    -3.9, ,   -15.6, ,     2.1, ,   -15.1, ,     4.0, ,    15.9, ,     4.4, 
 1969,   -22.7, ,   -14.2, ,   -10.1, ,     5.1, ,    10.6, ,    11.9, ,    17.3, ,    20.0, ,    12.3, ,     1.5, ,    -3.5, ,    -9.5, ,     1.6, ,   -17.5, ,     1.9, ,    16.4, ,     3.4, 
 1970,   -19.1, ,   -14.5, ,   -11.1, ,     0.9, ,     8.3, ,    18.5, ,    19.4, ,    18.1, ,    11.7, ,     3.3, ,    -6.3, ,   -16.6, ,     1.1, ,   -14.4, ,    -0.6, ,    18.7, ,     2.9, 
 1971,   -21.4, ,   -12.9, ,    -7.0, ,     3.9, ,    10.9, ,    16.0, ,    16.0, ,    19.5, ,    11.3, ,     4.2, ,    -5.1, ,   -16.0, ,     1.6, ,   -17.0, ,     2.6, ,    17.2, ,     3.5, 
 1972,   -21.5, ,   -18.5, ,    -7.6, ,     2.6, ,    13.0, ,    16.6, ,    15.6, ,    18.8, ,     8.7, ,     2.6, ,    -5.0, ,   -17.9, ,     0.6, ,   -18.7, ,     2.7, ,    17.0, ,     2.1, 
 1973,   -11.1, ,   -10.8, ,     0.9, ,     2.8, ,    11.3, ,    16.1, ,    17.6, ,    19.7, ,    10.7, ,     6.9, ,    -9.8, ,   -14.8, ,     3.3, ,   -13.3, ,     5.0, ,    17.8, ,     2.6, 
 1974,   -21.1, ,   -14.6, ,   -11.4, ,     1.4, ,     7.5, ,    16.2, ,    19.9, ,    14.9, ,     9.6, ,     6.6, ,    -3.1, ,    -8.4, ,     1.5, ,   -16.8, ,    -0.8, ,    17.0, ,     4.4, 
 1975,   -14.4, ,   -15.9, ,   -10.3, ,    -0.6, ,    10.0, ,    15.6, ,    21.1, ,    15.4, ,    10.8, ,     5.5, ,    -3.7, ,   -12.3, ,     1.8, ,   -12.9, ,    -0.3, ,    17.4, ,     4.2, 
 1976,   -14.1, ,   -10.4, ,    -9.5, ,     5.0, ,    12.2, ,    16.7, ,    18.7, ,    18.1, ,    12.8, ,     2.3, ,    -5.8, ,   -13.6, ,     2.7, ,   -12.3, ,     2.6, ,    17.8, ,     3.1, 
 1977,   -20.3, ,    -7.0, ,    -2.3, ,     8.0, ,    15.5, ,    16.5, ,    19.0, ,    14.1, ,    11.7, ,     6.4, ,    -5.6, ,   -17.6, ,     3.2, ,   -13.6, ,     7.1, ,    16.5, ,     4.2, 
 1978,   -21.8, ,   -16.0, ,    -6.7, ,     4.0, ,    13.2, ,    15.8, ,    17.6, ,    17.2, ,    13.6, ,     5.8, ,    -8.8, ,   -17.0, ,     1.4, ,   -18.5, ,     3.5, ,    16.9, ,     3.5, 
 1979,   -21.9, ,   -21.0, ,    -7.9, ,    -1.6, ,     7.7, ,    16.3, ,    20.3, ,    17.0, ,    12.9, ,     5.4, ,    -4.5, ,    -9.1, ,     1.1, ,   -20.0, ,    -0.6, ,    17.9, ,     4.6, 
 1980,   -17.3, ,   -14.1, ,    -8.7, ,     8.4, ,    14.9, ,    16.0, ,    19.0, ,    15.2, ,    11.5, ,     5.0,E,    -1.7, ,   -12.9, ,     2.9,E,   -13.5, ,     4.9, ,    16.7, ,     4.9,E
 1981,   -11.2, ,    -8.8, ,     0.3, ,     5.8, ,    11.6, ,    14.8, ,    20.2, ,    19.8, ,    13.4, ,     3.8, ,     0.0, ,   -14.2, ,     4.6, ,   -11.0, ,     5.9, ,    18.3, ,     5.7, 
 1982,   -24.9, ,   -15.6,E,    -8.0,E,     1.3, ,    10.5, ,    14.8,E,    18.7,E,    17.2, ,    11.7, ,     5.4, ,    -6.3, ,   -10.7,E,     1.2,E,   -18.2,E,     1.3,E,    16.9,E,     3.6, 
 1983,   -11.2,E,   -10.0,E,    -6.3, ,     1.5, ,     8.6,E,    15.6, ,    20.6, ,    22.1, ,    10.8,E,     5.3,E,    -2.7, ,   -21.5, ,     2.7,E,   -10.6,E,     1.3,E,    19.4, ,     4.5,E
 1984,   -12.8,E,    -4.7,E,    -6.5, ,     5.6, ,     9.6,E,    16.0,E,    20.0, ,    20.7, ,     8.5, ,     2.2, ,    -6.5, ,   -17.2, ,     2.9,E,   -13.0,E,     2.9,E,    18.9,E,     1.4, 
 1985,   -16.1, ,   -15.4, ,    -2.9,E,     6.4,E,    12.5, ,    12.8,E,    18.9, ,    15.1, ,     8.5, ,     3.6,E,   -13.0,E,   -14.3,E,     1.3,E,   -16.2, ,     5.3,E,    15.6,E,    -0.3,E
 1986,    -9.1,E,   -12.6, ,     0.1,E,     3.6, ,    12.7, ,    16.2,E,    17.6, ,    17.0,E,     9.7,E,     5.7,E,    -7.9,E,    -8.5,E,     3.7,E,   -12.0,E,     5.5,E,    16.9,E,     2.5,E
 1987,    -9.0,E,    -6.1, ,    -3.5, ,     8.6, ,    13.8, ,    18.0, ,    18.2, ,    15.8, ,    13.5, ,     4.1,E,    -0.4,E,    -7.4,E,     5.5,E,    -7.9,E,     6.3, ,    17.3, ,     5.7,E
 1988,   -16.5, ,   -12.8,E,    -3.1, ,     5.4,E,    13.8, ,    22.4,E,    19.9,E,    18.3, ,    11.2, ,     4.5, ,    -5.3,E,   -11.8,E,     3.8,E,   -12.2,E,     5.4,E,    20.2,E,     3.5,E
 1989,   -14.3,E,   -18.8,E,    -9.8, ,     4.7, ,    13.0,E,    16.1,E,    21.6, ,    19.4, ,    12.3, ,     5.0,E,    -5.2, ,   -16.4, ,     2.3,E,   -15.0,E,     2.6,E,    19.0,E,     4.0,E
 1990,   -10.2, ,   -13.4, ,    -2.9,E,     3.5,E,    10.5, ,    16.5, ,    18.0, ,    18.4,E,    13.9,E,     4.3,E,    -4.8, ,   -17.0,E,     3.1,E,   -13.3, ,     3.7,E,    17.6,E,     4.5,E
 1991,   -16.9,E,    -6.2,E,    -4.4,E,     7.1, , -9999.9,M,    18.0,E,    19.0, ,    19.7, ,    12.0, ,     1.9, ,    -7.3,E,   -10.8,E, -9999.9,M,   -13.4,E, -9999.9,M,    18.9,E,     2.2,E
 1992,   -10.2,E,    -7.5, ,    -0.5, ,     3.5, ,    12.0,E,    15.8, ,    16.1, ,    16.1, ,    11.1, ,     5.1, ,    -3.3,E,   -16.4, ,     3.5,E,    -9.5,E,     5.0,E,    16.0, ,     4.3,E
 1993,   -16.0,E,   -13.2,E,    -2.8, ,     4.4,E,    11.4,E,    14.2, ,    16.0,E,    16.8,E,    10.2,E,     3.7, ,    -6.0, ,    -9.8, ,     2.4,E,   -15.2,E,     4.3,E,    15.7,E,     2.6,E
 1994,   -21.4, ,   -18.9,E,    -2.1,E,     4.2, ,    13.1, ,    16.3, ,    18.1, ,    17.5, ,    14.8, ,     6.8, ,    -2.9, ,   -10.8, ,     2.9,E,   -16.7,E,     5.1,E,    17.3, ,     6.2, 
 1995,   -14.2, ,   -11.8, ,    -6.0, ,     1.2, ,    10.6, ,    18.4, ,    19.0, ,    18.8,E,    12.5, ,     5.5, ,    -8.3,E,   -15.5, ,     2.5,E,   -12.3, ,     1.9, ,    18.7,E,     3.2,E
 1996,   -20.6,E,   -12.4,E,   -10.2, ,     0.5, ,     9.4, ,    17.4, ,    18.6, ,    19.2,E,    11.8, , -9999.9,M, -9999.9,M, -9999.9,M, -9999.9,M,   -16.2,E,    -0.1, ,    18.4,E, -9999.9,M
 1997,   -20.2,E, -9999.9,M,    -8.6,E,     1.3, ,     9.8, , -9999.9,M,    19.3,E,    18.4,E,    14.1, ,     3.7,E,    -4.6,E,    -5.8, , -9999.9,M, -9999.9,M,     0.8,E, -9999.9,M,     4.4,E
 1998,   -17.2,E, -9999.9,M,    -7.9,E,     7.4,E,    12.0,E,    14.0,E,    19.0, ,    20.0, ,    14.3, ,     6.1,E, -9999.9,M,   -13.2, , -9999.9,M, -9999.9,M,     3.8,E,    17.7,E, -9999.9,M
 1999,   -17.3, ,    -8.9,E,    -4.8, ,     5.6, ,    10.8, ,    14.9, ,    18.3, ,    18.2, ,    10.3, ,     4.0, ,     0.4, ,    -6.0, ,     3.8,E,   -13.1,E,     3.9, ,    17.1, ,     4.9, 
 2000,   -15.0,E,    -8.9, ,     0.4, ,     4.3, ,    11.5, ,    13.7, ,    19.5,E,    17.7, ,    11.5, ,     6.3, ,    -7.9,E,   -19.4, ,     2.8,E,   -10.0,E,     5.4, ,    17.0,E,     3.3,E
 2001, -9999.9,M,   -17.8, ,    -4.8, ,     4.4, ,    12.6, ,    15.3, ,    19.4, ,    19.4, ,    13.1, ,     3.5, , -9999.9,M, -9999.9,M, -9999.9,M, -9999.9,M,     4.1, ,    18.0, , -9999.9,M
 2002,   -12.5, ,    -9.0, ,   -11.5, ,     1.9, ,     8.2, ,    16.7, ,    19.7, ,    16.5, ,    12.5, ,    -0.4, , -9999.9,M, -9999.9,M, -9999.9,M, -9999.9,M,    -0.5, ,    17.6, , -9999.9,M
 2003,   -14.6,E, -9999.9,M,    -8.1, ,     6.1, ,    12.2, ,    17.0, ,    20.4,E,    21.2, ,    12.6, , -9999.9,M, -9999.9,M, -9999.9,M, -9999.9,M, -9999.9,M,     3.4, ,    19.5,E, -9999.9,M
 2004, -9999.9,M,   -13.0, , -9999.9,M, -9999.9,M,     7.3, ,    13.2, ,    16.7,E, -9999.9,M, -9999.9,M, -9999.9,M, -9999.9,M, -9999.9,M, -9999.9,M, -9999.9,M, -9999.9,M, -9999.9,M, -9999.9,M
