4052280,DUNDURN             ,SASK, station not joined, Monthly mean of homogenized daily mean temperature                     , Deg Celcius,          Updated to December 2019
4052280,DUNDURN             ,SASK, station non jointe, Moyenne mensuelle des temperatures quotidiennes moyennes homogeneisees , Deg Celsius, Mise a jour jusqu a decembre 2019
 Year,     Jan, ,     Feb, ,     Mar, ,     Apr, ,     May, ,     Jun, ,     Jul, ,     Aug, ,     Sep, ,     Oct, ,     Nov, ,     Dec, ,  Annual, ,  Winter, ,  Spring, ,  Summer, ,  Autumn
Annee,    Janv, ,     Fev, ,    Mars, ,     Avr, ,     Mai, ,    Juin, ,    Juil, ,    Aout, ,    Sept, ,     Oct, ,     Nov, ,     Dec, ,  Annuel, ,   Hiver, ,Printemp, ,     Ete, , Automne
 1923, -9999.9,M, -9999.9,M, -9999.9,M, -9999.9,M,    11.7, ,    16.3, ,    18.3, ,    15.5, ,    11.8, ,     6.6, ,    -1.8, ,    -8.2, , -9999.9,M, -9999.9,M, -9999.9,M,    16.7, ,     5.5, 
 1924,   -19.5, ,    -9.3, ,    -5.3, ,     2.2, ,     8.0, ,    13.2, ,    18.1, ,    14.8, ,    12.7, ,     6.1, ,    -7.3, ,   -18.9, ,     1.2, ,   -12.3, ,     1.6, ,    15.4, ,     3.8, 
 1925,   -16.8, ,   -16.1, ,    -8.4, ,     5.8, ,    11.1, ,    14.4, ,    17.5, ,    16.5, ,    11.7, ,    -1.0, ,    -5.0, ,    -9.9, ,     1.7, ,   -17.3, ,     2.8, ,    16.1, ,     1.9, 
 1926,   -11.8, ,   -10.1, ,    -4.9, ,     5.2, ,    11.8, ,    13.6, ,    20.7, ,    15.6, ,     7.4, ,     3.5, ,    -8.9, ,   -15.0, ,     2.3, ,   -10.6, ,     4.0, ,    16.6, ,     0.7, 
 1927,   -17.5, ,   -17.1, ,    -6.5, ,     2.6, ,     8.3, ,    15.4, ,    17.6, ,    16.4, ,    11.7, ,     6.7, ,   -12.8, ,   -22.6, ,     0.2, ,   -16.5, ,     1.5, ,    16.5, ,     1.9, 
 1928,   -14.0, ,   -10.0, ,    -4.8, ,     0.3, ,    13.5, ,    13.8, ,    17.6, ,    14.6, ,    10.3, ,     2.9, ,    -2.0, ,    -8.1, ,     2.8, ,   -15.5, ,     3.0, ,    15.3, ,     3.7, 
 1929,   -24.1, ,   -18.9, ,    -2.8, ,     1.7, ,     8.0, ,    15.8, ,    18.6, ,    18.2, ,    10.2, ,     6.8, ,    -4.7, ,   -15.7, ,     1.1, ,   -17.0, ,     2.3, ,    17.5, ,     4.1, 
 1930,   -22.5, ,    -9.7, ,    -6.3, ,     6.9, ,     9.6, ,    15.8, ,    18.7, ,    19.2, ,    11.4, ,     1.8, ,    -3.0, ,    -6.6, ,     2.9, ,   -16.0, ,     3.4, ,    17.9, ,     3.4, 
 1931,    -8.6, ,    -2.2, ,    -5.6, ,     5.4, ,    11.7, ,    17.1, ,    18.5, ,    17.8, ,    11.9, ,     6.3, ,    -6.5, ,    -8.6, ,     4.8, ,    -5.8, ,     3.8, ,    17.8, ,     3.9, 
 1932,   -15.2, ,   -14.4, ,   -11.6, ,     5.3, ,    13.1, ,    17.3, ,    18.8, ,    18.5, ,    12.6, ,     1.6, ,    -6.8, ,   -14.4, ,     2.1, ,   -12.7, ,     2.3, ,    18.2, ,     2.5, 
 1933,   -16.1, ,   -17.4, ,    -5.3, ,     3.1, ,    12.0, ,    17.6, ,    17.9, ,    19.7, ,    11.7, ,     2.1, ,    -4.2, ,   -20.3, ,     1.7, ,   -16.0, ,     3.3, ,    18.4, ,     3.2, 
 1934,   -10.5, ,    -7.7, ,    -5.1, ,     5.6, ,    15.2, ,    14.2, ,    18.1, ,    16.3, ,     7.3, ,     5.9, ,    -2.9, ,   -14.5, ,     3.5, ,   -12.8, ,     5.2, ,    16.2, ,     3.4, 
 1935,   -22.4, ,    -9.4, ,    -9.9, ,     1.7, ,     9.6, ,    14.2, ,    20.6, ,    15.7, ,    12.3, ,     3.7, ,   -12.5, ,   -12.7, ,     0.9, ,   -15.4, ,     0.5, ,    16.8, ,     1.2, 
 1936,   -24.0, ,   -29.6, ,    -7.0, ,     0.7, ,    14.9, ,    15.6, ,    22.3, ,    18.3, ,    11.3, ,     3.4, ,    -2.5, ,   -13.8, ,     0.8, ,   -22.1, ,     2.9, ,    18.7, ,     4.1, 
 1937,   -27.4, ,   -19.2, ,    -7.8, ,     5.2, ,    12.7, ,    18.1, ,    21.4, ,    18.2, ,    12.7, ,     5.9, ,    -6.1, ,   -14.5, ,     1.6, ,   -20.1, ,     3.4, ,    19.2, ,     4.2, 
 1938,   -14.0, ,   -18.5, ,    -3.9, ,     3.7, ,    10.9, ,    16.6, ,    19.6, ,    16.9, ,    16.9, ,     8.1, ,    -7.5, ,   -11.6, ,     3.1, ,   -15.7, ,     3.6, ,    17.7, ,     5.8, 
 1939,   -12.1, ,   -22.1, ,    -8.7, ,     5.3, ,    13.0, ,    12.9, ,    20.2, ,    18.9, ,    12.1, ,     2.9, ,     0.5, ,    -5.7, ,     3.1, ,   -15.3, ,     3.2, ,    17.3, ,     5.2, 
 1940,   -18.6, ,   -12.7, ,    -7.7, ,     2.9, ,    14.2, ,    15.4, ,    18.5, ,    19.1, ,    16.0, ,     8.1, ,   -11.0, ,   -11.1, ,     2.8, ,   -12.3, ,     3.1, ,    17.7, ,     4.4, 
 1941,   -16.1, ,   -14.3, ,    -6.0, ,     5.8, ,    12.0, ,    17.4, ,    21.6, ,    18.6, ,    10.3, ,     6.4, ,    -2.5, ,    -9.7, ,     3.6, ,   -13.8, ,     3.9, ,    19.2, ,     4.7, 
 1942,   -10.3, ,   -11.7, ,    -2.0, ,     5.5, ,    10.4, ,    15.1, ,    17.7, ,    17.5, ,    11.3, ,     6.8, ,    -8.3, ,   -15.8, ,     3.0, ,   -10.6, ,     4.6, ,    16.8, ,     3.3, 
 1943,   -22.6, ,   -11.2, ,   -12.0, ,     7.2, ,     8.4, ,    14.3, ,    20.1, ,    18.7, ,    12.3, ,     8.3, ,    -1.3, ,    -8.6, ,     2.8, ,   -16.5, ,     1.2, ,    17.7, ,     6.4, 
 1944,   -10.8, ,   -14.2, ,   -11.1, ,     7.3, ,    13.3, ,    15.4, ,    18.2, ,    17.6, ,    13.6, ,     8.3, ,    -5.5, ,   -11.4, ,     3.4, ,   -11.2, ,     3.2, ,    17.1, ,     5.5, 
 1945,   -15.1, ,   -13.1, ,    -1.6, ,     0.5, ,     8.2, ,    14.0, ,    19.3, ,    17.9, ,     9.6, ,     5.0, ,    -9.7, ,   -15.5, ,     1.6, ,   -13.2, ,     2.4, ,    17.1, ,     1.6, 
 1946,   -14.9, ,   -15.7, ,    -1.1, ,     7.5, ,     9.5, ,    14.3, ,    19.7, ,    17.1, ,    11.3, ,     2.4, ,    -9.5, ,   -18.2, ,     1.9, ,   -15.4, ,     5.3, ,    17.0, ,     1.4, 
 1947,   -14.4, ,   -21.2, ,   -10.3, ,     3.2, ,     8.7, ,    14.9, ,    21.6, ,    17.3, ,    10.5, ,     7.9, ,    -8.3, ,   -14.1, ,     1.3, ,   -17.9, ,     0.5, ,    17.9, ,     3.4, 
 1948,   -14.2, ,   -19.2, ,   -12.2, ,    -2.4, ,    12.1, , -9999.9,M, -9999.9,M,    17.4, ,    13.9, ,     6.9, ,    -4.9, ,   -18.8, , -9999.9,M,   -15.8, ,    -0.8, , -9999.9,M,     5.3, 
 1949,   -20.8, ,   -21.3, ,    -6.2, ,     8.8, ,    12.4, ,    14.8, ,    18.5, ,    19.5, ,    11.8, ,     3.0, , -9999.9,M, -9999.9,M, -9999.9,M,   -20.3, ,     5.0, ,    17.6, , -9999.9,M
 1950, -9999.9,M, -9999.9,M, -9999.9,M,     2.0, ,    10.6, ,    15.8, ,    17.0, ,    16.2, , -9999.9,M, -9999.9,M, -9999.9,M, -9999.9,M, -9999.9,M, -9999.9,M, -9999.9,M,    16.3, , -9999.9,M
 1951, -9999.9,M, -9999.9,M, -9999.9,M,     2.3, ,    13.5, ,    13.2, ,    17.5, ,    15.5, ,     9.9, , -9999.9,M, -9999.9,M, -9999.9,M, -9999.9,M, -9999.9,M, -9999.9,M,    15.4, , -9999.9,M
 1952, -9999.9,M, -9999.9,M, -9999.9,M,    10.6, ,    12.1, ,    14.7, ,    17.2, ,    16.9, ,    12.6, ,     4.6, ,    -2.5, ,    -9.9, , -9999.9,M, -9999.9,M, -9999.9,M,    16.3, ,     4.9, 
 1953,   -16.5, ,   -11.7, ,    -7.3, ,     1.3, ,     9.5, ,    15.0, ,    18.4, ,    18.9, ,    11.6, ,     8.0, ,     0.2, ,    -8.5, ,     3.2, ,   -12.7, ,     1.2, ,    17.4, ,     6.6, 
 1954,   -24.3, ,    -4.6, ,    -8.3, ,    -2.9, ,     8.7, ,    13.1, ,    17.7, ,    15.7, ,    10.5, ,     5.5, ,     0.4, ,    -6.4, ,     2.1, ,   -12.5, ,    -0.8, ,    15.5, ,     5.5, 
 1955,   -14.0, ,   -15.7, ,   -13.2, ,     4.6, ,     9.8, ,    15.9, ,    19.0, ,    18.5, ,    10.1, ,     5.4, ,   -14.3, ,   -18.3, ,     0.7, ,   -12.0, ,     0.4, ,    17.8, ,     0.4, 
 1956,   -18.5, ,   -17.3, ,   -10.1, ,    -0.6, ,    11.8, ,    18.0, ,    17.7, ,    17.1, ,    11.3, ,     4.6, ,    -3.9, ,   -13.7, ,     1.4, ,   -18.0, ,     0.4, ,    17.6, ,     4.0, 
 1957,   -19.0, ,   -14.2, ,    -6.4, ,     3.1, ,    12.4, ,    14.6, ,    20.1, ,    16.6, ,    11.7, ,     2.5, ,    -3.5, ,    -9.7, ,     2.4, ,   -15.6, ,     3.0, ,    17.1, ,     3.6, 
 1958,    -9.5, ,   -15.1, ,    -5.6, ,     5.5, ,    13.3, ,    14.6, ,    17.8, ,    18.5, ,    11.6, ,     6.3, ,    -6.6, ,   -12.9, ,     3.2, ,   -11.4, ,     4.4, ,    17.0, ,     3.8, 
 1959,   -21.1, ,   -15.8, ,    -0.7, ,     5.1, ,     9.5, ,    16.3, ,    20.1, ,    16.7, ,     9.9, ,     1.3, ,    -7.9, ,    -6.7, ,     2.2, ,   -16.6, ,     4.6, ,    17.7, ,     1.1, 
 1960,   -18.6, ,   -14.9, ,   -10.0, ,     3.9, ,    11.2, ,    14.4, ,    20.5, ,    18.0, ,    13.2, ,     5.8, ,    -6.6, ,   -11.2, ,     2.1, ,   -13.4, ,     1.7, ,    17.6, ,     4.1, 
 1961,   -13.3, ,   -10.9, ,    -2.6, ,     1.7, ,    12.0, ,    19.7, ,    19.7, ,    21.4, ,     9.1, ,     4.2, ,    -5.6, ,   -20.1, ,     2.9, ,   -11.8, ,     3.7, ,    20.3, ,     2.6, 
 1962,   -17.3, ,   -19.7, ,   -10.4, ,     5.4, ,    10.8, ,    18.1, ,    17.6, ,    18.1, ,    11.7, ,     7.2, ,    -0.6, ,   -11.1, ,     2.5, ,   -19.0, ,     1.9, ,    17.9, ,     6.1, 
 1963,   -20.5, ,   -13.5, ,    -3.8, ,     5.3, ,     9.6, ,    15.6, ,    20.4, ,    19.3, ,    14.8, ,     9.7, ,    -5.2, ,   -14.8, ,     3.1, ,   -15.0, ,     3.7, ,    18.4, ,     6.4, 
 1964,   -12.2, ,    -7.8, ,   -10.9, ,     5.4, ,    12.5, ,    16.0, ,    20.7, ,    16.9, ,     9.4, ,     6.5, ,    -5.4, ,   -20.3, ,     2.6, ,   -11.6, ,     2.3, ,    17.9, ,     3.5, 
 1965,   -20.6, ,   -18.0, ,   -14.2, ,     3.4, ,    10.2, ,    15.9, ,    19.0, ,    18.8, , -9999.9,M, -9999.9,M,    -8.8, ,   -10.8, , -9999.9,M,   -19.6, ,    -0.2, ,    17.9, , -9999.9,M
 1966,   -25.0, ,   -15.6, ,    -4.2, ,     0.6, ,    12.1, ,    14.3, ,    18.8, ,    16.7, ,    14.5, ,     4.6, ,   -10.7, ,   -11.9, ,     1.2, ,   -17.1, ,     2.8, ,    16.6, ,     2.8, 
 1967,   -16.8, ,   -15.2, ,    -9.7, ,    -0.4, ,    10.1, ,    15.0, ,    19.2, ,    18.8, ,    16.0, ,     4.1, ,    -4.0, ,   -13.1, ,     2.0, ,   -14.6, ,     0.0, ,    17.7, ,     5.4, 
 1968,   -17.3, ,   -11.1, ,    -0.9, ,     3.7, ,    10.6, ,    15.6, ,    17.5, ,    14.5, ,    11.8, ,     5.1, ,    -2.1, ,   -15.4, ,     2.7, ,   -13.8, ,     4.5, ,    15.9, ,     4.9, 
 1969,   -27.2, ,   -14.1, ,    -9.8, ,     6.9, ,    10.9, ,    13.9, ,    17.5, ,    19.5, ,    12.2, ,     0.2, ,    -3.5, ,    -9.6, ,     1.4, ,   -18.9, ,     2.7, ,    17.0, ,     3.0, 
 1970,   -19.0, ,   -12.4, ,   -11.3, ,     2.3, ,    10.0, ,    18.3, ,    19.2, ,    18.0, ,    10.9, ,     4.8, ,    -6.9, ,   -17.7, ,     1.4, ,   -13.7, ,     0.3, ,    18.5, ,     2.9, 
 1971,   -22.3, ,   -12.0, ,    -8.1, ,     3.9, ,    13.5, ,    15.8, ,    16.2, ,    19.6, ,    11.2, ,     4.6, ,    -5.2, ,   -17.4, ,     1.7, ,   -17.3, ,     3.1, ,    17.2, ,     3.5, 
 1972,   -21.8, ,   -19.4, ,    -6.3, ,     4.7, ,    12.9, ,    17.9, ,    15.6, ,    19.4, ,     8.0, ,     2.3, ,    -4.9, ,   -17.8, ,     0.9, ,   -19.5, ,     3.8, ,    17.6, ,     1.8, 
 1973,   -12.0, ,   -12.9, ,    -0.4, ,     2.6, ,    11.9, ,    15.6, ,    18.4, ,    18.9, ,    11.4, ,     6.2, ,   -12.1, ,   -14.7, ,     2.7, ,   -14.2, ,     4.7, ,    17.6, ,     1.8, 
 1974,   -21.6, ,   -12.5, ,   -11.2, ,     2.5, ,     8.1, ,    16.8, ,    19.2, ,    15.2, ,     9.9, ,     7.6, ,    -2.7, ,    -6.5, ,     2.1, ,   -16.3, ,    -0.2, ,    17.1, ,     4.9, 
 1975,   -13.8, ,   -16.9, ,   -11.1, ,     0.5, ,    10.8, ,    15.2, ,    20.6, ,    15.1, ,    11.9, ,     4.9, ,    -3.6, ,   -13.0, ,     1.7, ,   -12.4, ,     0.1, ,    17.0, ,     4.4, 
 1976,   -13.6, ,    -8.9, ,    -7.9, ,     7.1, ,    13.5, ,    15.4, ,    19.0, ,    19.1, ,    14.6, ,     3.6, ,    -4.6, ,   -12.9, ,     3.7, ,   -11.8, ,     4.2, ,    17.8, ,     4.5, 
 1977,   -19.0, ,    -4.3, ,    -1.3, ,     8.9, ,    15.0, ,    17.4, ,    19.0, ,    14.1, ,    11.2, ,     7.2, ,    -6.6, ,   -18.6, ,     3.6, ,   -12.1, ,     7.5, ,    16.8, ,     3.9, 
 1978,   -21.6, ,   -15.3, ,    -4.8, ,     5.0, ,    12.9, ,    17.6, ,    18.4, ,    17.0, ,    12.2, ,     6.5, ,    -8.0, ,   -15.4, ,     2.0, ,   -18.5, ,     4.4, ,    17.7, ,     3.6, 
 1979,   -21.2, ,   -22.4, ,    -6.4, ,    -0.7, ,     9.4, ,    16.5, ,    19.8, ,    17.4,E,    13.8, ,     5.9, ,    -4.7, ,    -9.7, ,     1.5,E,   -19.7, ,     0.8, ,    17.9,E,     5.0, 
 1980,   -16.4, ,   -12.1, ,    -7.5, ,    10.1, ,    14.3, ,    16.5, ,    19.4,E,    16.3, ,    11.5, ,     6.2, ,    -1.5, ,   -16.2,E,     3.4,E,   -12.7, ,     5.6, ,    17.4,E,     5.4, 
 1981,   -10.3, ,    -9.8, ,    -0.4,E,     5.8, ,    12.8, ,    14.7, ,    19.3,E,    20.1,E,    13.3,E,     3.8, ,     0.6, ,   -12.9,E,     4.8,E,   -12.1,E,     6.1,E,    18.0,E,     5.9,E
 1982,   -25.9,E,   -15.2,E,    -7.7,E,     2.7, ,     9.8, ,    15.7,E,    18.2,E,    16.2,E,    11.1,E,     5.5,E,    -9.3, ,   -10.8,E,     0.9,E,   -18.0,E,     1.6,E,    16.7,E,     2.4,E
 1983,   -11.5, ,    -7.6,E,    -5.0, ,     3.8,E,     9.2, ,    16.3,E,    18.9, ,    20.2,E,    10.1,E,     5.6,E,    -2.8, ,   -22.5,E,     2.9,E,   -10.0,E,     2.7,E,    18.5,E,     4.3,E
 1984,   -12.4,E,    -3.4,E,    -5.2,E,     7.2, ,    10.6,E,    16.1,E,    19.7,E,    20.1, ,     8.1, ,     2.6,E,    -8.6,E,   -19.3,E,     3.0,E,   -12.8,E,     4.2,E,    18.6,E,     0.7,E
 1985,   -16.1, ,   -16.6,E, -9999.9,M, -9999.9,M, -9999.9,M, -9999.9,M, -9999.9,M, -9999.9,M, -9999.9,M, -9999.9,M, -9999.9,M, -9999.9,M, -9999.9,M,   -17.3,E, -9999.9,M, -9999.9,M, -9999.9,M
