4015960,PASWEGIN            ,SASK, station not joined, Monthly mean of homogenized daily mean temperature                     , Deg Celcius,          Updated to December 2019
4015960,PASWEGIN            ,SASK, station non jointe, Moyenne mensuelle des temperatures quotidiennes moyennes homogeneisees , Deg Celsius, Mise a jour jusqu a decembre 2019
 Year,     Jan, ,     Feb, ,     Mar, ,     Apr, ,     May, ,     Jun, ,     Jul, ,     Aug, ,     Sep, ,     Oct, ,     Nov, ,     Dec, ,  Annual, ,  Winter, ,  Spring, ,  Summer, ,  Autumn
Annee,    Janv, ,     Fev, ,    Mars, ,     Avr, ,     Mai, ,    Juin, ,    Juil, ,    Aout, ,    Sept, ,     Oct, ,     Nov, ,     Dec, ,  Annuel, ,   Hiver, ,Printemp, ,     Ete, , Automne
 1963, -9999.9,M, -9999.9,M, -9999.9,M, -9999.9,M, -9999.9,M, -9999.9,M, -9999.9,M, -9999.9,M, -9999.9,M,     9.1, ,    -5.5, ,   -16.6, , -9999.9,M, -9999.9,M, -9999.9,M, -9999.9,M, -9999.9,M
 1964,   -16.4, ,   -10.7, ,   -15.4, ,     3.1, ,    11.5, ,    14.6, ,    19.2, ,    14.5, ,     8.6, ,     5.2, ,    -6.9, ,   -20.9, ,     0.5, ,   -14.6, ,    -0.3, ,    16.1, ,     2.3, 
 1965,   -22.3, ,   -20.1, ,   -15.2, ,     2.5, ,     8.5, , -9999.9,M,    17.7, ,    16.2, ,     5.5, ,     6.4, ,   -10.3, ,   -13.1, , -9999.9,M,   -21.1, ,    -1.4, , -9999.9,M,     0.5, 
 1966,   -28.4, ,   -19.3, ,    -8.2, ,    -0.7, ,     9.0, ,    14.5, ,    17.7, ,    15.9, ,    12.3, ,     3.7, ,   -12.4, ,   -14.9, ,    -0.9, ,   -20.3, ,     0.0, ,    16.0, ,     1.2, 
 1967,   -20.5, ,   -18.9, ,   -12.5, ,    -3.7, ,     9.0, ,    14.0, ,    17.4, ,    17.0, ,    15.0, ,     3.0, ,    -4.9, ,   -14.2, ,     0.1, ,   -18.1, ,    -2.4, ,    16.1, ,     4.4, 
 1968,   -19.4, ,   -14.1, ,    -3.1, ,     3.4, ,     9.5, ,    14.3, ,    16.2, ,    14.0, ,    11.7, ,     4.2, ,    -3.9, ,   -17.9, ,     1.2, ,   -15.9, ,     3.3, ,    14.8, ,     4.0, 
 1969,   -26.9, ,   -15.4, ,   -12.0, ,     5.4, ,     9.6, ,    12.1, ,    16.6, ,    18.4, ,    11.2, ,     0.1, ,    -5.1, ,   -10.9,E,     0.3,E,   -20.1, ,     1.0, ,    15.7, ,     2.1, 
 1970,   -20.3, ,   -15.8, ,   -14.2, ,     0.8, ,     8.5, ,    17.5, ,    18.2, ,    16.7, ,    10.6, ,     3.7, ,    -7.9, ,   -20.6, ,    -0.2, ,   -15.7,E,    -1.6, ,    17.5, ,     2.1, 
 1971,   -24.1, ,   -14.5, ,   -10.3, ,     1.8, ,    11.7, ,    15.0, ,    15.3, ,    18.2, ,    10.6, ,     3.6, ,    -6.6, ,   -18.4, ,     0.2, ,   -19.7, ,     1.1, ,    16.2, ,     2.5, 
 1972,   -24.6, ,   -21.8, ,    -9.6, ,     1.9, ,    12.5, ,    16.6, ,    14.1, ,    18.0, ,     6.7, ,     0.5, ,    -6.4, ,   -20.4, ,    -1.0, ,   -21.6, ,     1.6, ,    16.2, ,     0.3, 
 1973,   -14.4, ,   -16.0, ,    -2.8, ,     0.8, ,    10.6, ,    14.7, ,    17.3, ,    17.6, ,    10.4, ,     5.1, ,   -12.0, ,   -17.4, ,     1.2, ,   -16.9, ,     2.9, ,    16.5, ,     1.2, 
 1974,   -24.5, ,   -15.9, ,   -14.1, ,     0.6, ,     6.3, ,    15.8, ,    18.6, ,    14.3, ,     8.6, ,     5.7, ,    -3.5, ,    -7.2, ,     0.4, ,   -19.3, ,    -2.4, ,    16.2, ,     3.6, 
 1975,   -15.5, ,   -17.4, ,   -12.8, ,    -0.9, ,     9.6, ,    14.6, ,    19.4, ,    14.3, ,     9.9, ,     4.2, ,    -4.5, ,   -15.0, ,     0.5, ,   -13.4, ,    -1.4, ,    16.1, ,     3.2, 
 1976,   -16.5, ,   -13.0, ,   -11.2, ,     4.5, ,    11.7, ,    15.2, ,    17.5, ,    17.2, ,    11.9, ,     1.4, ,    -6.4, ,   -16.5, ,     1.3, ,   -14.8, ,     1.7, ,    16.6, ,     2.3, 
 1977,   -22.0, ,    -8.7, ,    -5.5, ,     6.0, ,    14.5, ,    15.8, ,    16.9, ,    12.6, ,    10.1, ,     5.7, ,    -7.8, ,   -20.2, ,     1.5, ,   -15.7, ,     5.0, ,    15.1, ,     2.7, 
 1978,   -23.3, ,   -17.8, ,    -8.6, ,     3.1, ,    12.4, ,    16.0, ,    16.9, ,    15.1, ,    11.4, ,     5.6, ,    -9.6, ,   -17.3, ,     0.3, ,   -20.4, ,     2.3, ,    16.0, ,     2.5, 
 1979,   -22.3, ,   -24.8, ,   -11.0, ,    -3.5, ,     7.7, ,    15.2, ,    19.3, ,    15.7, ,    12.3, ,     4.1, ,    -5.7, ,   -12.9, ,    -0.5, ,   -21.5, ,    -2.3, ,    16.7, ,     3.6, 
 1980,   -19.8, ,   -15.5, ,   -11.2, ,     8.1, ,    13.9, ,    14.8, ,    17.8, ,    15.0, ,    10.7, ,     4.7, ,    -3.9, ,   -17.6, ,     1.4, ,   -16.1, ,     3.6, ,    15.9, ,     3.8, 
 1981,   -12.7, ,   -11.1, ,    -1.1, ,     3.9, ,    11.1, ,    14.4, ,    18.2, ,    18.8,E,    11.7, ,     2.9, ,     0.0, ,   -14.2,E,     3.5,E,   -13.8, ,     4.6, ,    17.1,E,     4.9, 
 1982,   -27.7, ,   -16.5, ,    -8.6, ,     1.6, ,     9.4,E,    13.7, ,    17.3, ,    15.2,E,    10.6, ,     4.5,E,    -9.7, ,   -13.0, ,    -0.3,E,   -19.5,E,     0.8,E,    15.4,E,     1.8,E
 1983,   -13.8, ,   -13.0, ,    -8.7, ,    -0.6, ,     7.9, ,    14.8, ,    18.5, ,    19.8, ,     9.7, ,     5.0, ,    -3.1, ,   -23.8, ,     1.1, ,   -13.3, ,    -0.5, ,    17.7, ,     3.9, 
 1984,   -14.4, ,    -6.1,E,    -8.0,E,     6.6,E,     8.8, ,    15.3, ,    18.2, ,    19.5, ,     7.7, ,     2.0, ,    -9.3, ,   -20.2, ,     1.7,E,   -14.8,E,     2.5,E,    17.7, ,     0.1, 
 1985,   -16.9, ,   -18.0, ,    -6.0, ,     4.7, ,    11.7, ,    11.9, ,    16.7, ,    14.3, ,     7.8,E,     3.9,E,   -15.8,E,   -15.0,E,    -0.1,E,   -18.4, ,     3.5, ,    14.3, ,    -1.4,E
 1986,   -11.1, ,   -16.5, ,    -3.1, ,     2.5, ,    12.4, ,    15.2, ,    16.9,E,    16.1, ,     9.1, ,     4.5,E,   -10.0, ,   -10.4, ,     2.1,E,   -14.2,E,     3.9, ,    16.1,E,     1.2,E
 1987,   -10.8, ,    -9.5,E,    -5.1, ,     7.2, ,    13.1, ,    17.2, ,    17.5, ,    14.2, ,    12.3, ,     2.8, ,    -1.6, ,    -9.5, ,     4.0,E,   -10.2,E,     5.1, ,    16.3, ,     4.5, 
 1988,   -19.5,E,   -15.7, ,    -7.5, ,     3.9, ,    13.4, ,    20.1, ,    18.7, ,    16.3, ,    10.0,E,     3.3,E,    -5.5, ,   -12.7, ,     2.1,E,   -14.9,E,     3.3, ,    18.4, ,     2.6,E
 1989,   -15.7, ,   -19.4,E,   -12.1, ,     3.4, ,    11.8, ,    14.9, ,    19.6, ,    17.6, ,    11.1, ,     3.6, ,    -8.1, ,   -18.5, ,     0.7,E,   -15.9,E,     1.0, ,    17.4, ,     2.2, 
 1990,   -14.4,E,   -16.0, ,    -5.3, ,     2.3, ,    10.5, ,    16.3, ,    16.8, ,    17.0, ,    12.6, ,     2.3, ,    -8.3, ,   -19.6, ,     1.2,E,   -16.3,E,     2.5, ,    16.7, ,     2.2, 
 1991,   -19.3,E,    -8.8,E,    -7.9,E,     5.6,E,    11.0, ,    16.7, ,    17.9,E,    19.0,E,    10.6, ,    -0.3, ,   -10.1,E,   -12.8,E,     1.8,E,   -15.9,E,     2.9,E,    17.9,E,     0.1,E
 1992,   -11.8,E,   -10.4,E,    -3.3,E,     2.5,E,    10.1, ,    13.7, ,    15.2,E,    13.6, ,     8.7,E,     3.7,E,    -3.6, ,   -19.3, ,     1.6,E,   -11.7,E,     3.1,E,    14.2,E,     2.9,E
 1993,   -18.2,E,   -15.1,E,    -3.0, ,     2.9, ,    10.5,E,    12.8,E,    14.9,E,    14.7,E,     8.3, ,     3.2, ,    -8.1, ,   -11.5, ,     1.0,E,   -17.5,E,     3.5,E,    14.1,E,     1.1, 
 1994,   -23.7, ,   -20.8, ,    -1.2,E,     3.7, ,    10.9, ,    14.9, , -9999.9,M,    15.3,E,    12.9, ,     5.5, ,    -4.6, ,   -13.2,E, -9999.9,M,   -18.7, ,     4.5,E, -9999.9,M,     4.6, 
 1995,   -16.4, ,   -14.5,E, -9999.9,M,    -1.9, ,    10.1, ,    17.0, ,    16.8, ,    16.1, ,    11.3, ,     4.2, ,   -11.1, ,   -16.4,E, -9999.9,M,   -14.7,E, -9999.9,M,    16.6, ,     1.5, 
 1996,   -24.3,E,   -14.3,E,   -12.0, ,     1.0,E,     8.3, ,    16.2, ,    17.4, ,    17.8, ,    10.3,E,     2.8, ,   -12.3, ,   -19.7, ,    -0.7,E,   -18.3,E,    -0.9,E,    17.1, ,     0.3,E
 1997,   -21.7, ,   -12.1, ,   -10.6, ,    -0.2, ,     9.6, ,    17.0, ,    18.1, ,    17.3,E,    13.0, ,     3.4, ,    -4.7, ,    -6.2,E,     1.9,E,   -17.8, ,    -0.4, ,    17.5,E,     3.9, 
 1998,   -18.4,E,    -5.4,E,    -8.8, ,     6.8, ,    11.8, ,    13.5, ,    17.9, ,    18.4, ,    12.5, ,     3.8, ,    -4.8, ,   -14.1, ,     2.8,E,   -10.0,E,     3.3, ,    16.6, ,     3.8, 
 1999,   -17.5, , -9999.9,M,    -5.6, ,     5.6, ,    10.1, ,    14.5, ,    16.6, ,    16.9, ,     9.8, ,     3.5, ,    -1.5, ,    -8.5, , -9999.9,M, -9999.9,M,     3.4, ,    16.0, ,     3.9, 
 2000,   -18.4, ,   -11.3, ,    -1.7, ,     3.4, ,     9.9, ,    13.1, ,    18.2, ,    16.3, ,    11.2, ,     4.8, ,    -8.0, ,   -21.9, ,     1.3, ,   -12.7, ,     3.9, ,    15.9, ,     2.7, 
 2001,   -10.6, ,   -18.8, ,    -6.4, ,     3.4, ,    11.7, ,    14.6, ,    18.8, ,    19.2, ,    13.1, ,     2.2, ,    -1.5, ,   -13.0, ,     2.7, ,   -17.1, ,     2.9, ,    17.5, ,     4.6, 
 2002,   -15.9, ,    -9.8, ,   -14.9, ,    -0.3, ,     7.6, ,    17.1, ,    19.2, ,    15.8, ,    11.0, ,    -2.2, ,    -7.1, ,    -9.6, ,     0.9, ,   -12.9, ,    -2.5, ,    17.4, ,     0.6, 
 2003,   -18.3, ,   -18.5, ,    -9.9, ,     4.6, ,    12.6, ,    15.9, ,    18.5, ,    19.9, ,    10.7, , -9999.9,M, -9999.9,M, -9999.9,M, -9999.9,M,   -15.5, ,     2.4, ,    18.1, , -9999.9,M
