4015867,CARON               ,SASK, station not joined, Monthly mean of homogenized daily mean temperature                     , Deg Celcius,          Updated to December 2019
4015867,CARON               ,SASK, station non jointe, Moyenne mensuelle des temperatures quotidiennes moyennes homogeneisees , Deg Celsius, Mise a jour jusqu a decembre 2019
 Year,     Jan, ,     Feb, ,     Mar, ,     Apr, ,     May, ,     Jun, ,     Jul, ,     Aug, ,     Sep, ,     Oct, ,     Nov, ,     Dec, ,  Annual, ,  Winter, ,  Spring, ,  Summer, ,  Autumn
Annee,    Janv, ,     Fev, ,    Mars, ,     Avr, ,     Mai, ,    Juin, ,    Juil, ,    Aout, ,    Sept, ,     Oct, ,     Nov, ,     Dec, ,  Annuel, ,   Hiver, ,Printemp, ,     Ete, , Automne
 1915,   -14.3, ,    -7.8, ,    -4.3, ,     9.0, ,    10.4, ,    12.7, ,    14.8, ,    19.0, ,     9.6, ,     6.2, ,    -2.8, ,    -8.9, ,     3.6, , -9999.9,M,     5.0, ,    15.5, ,     4.3, 
 1916, -9999.9,M,   -14.7, ,    -8.8, ,     3.8, ,     8.2, ,    13.3, ,    19.4, ,    16.5, ,    10.5, ,     3.2, ,    -3.3, ,   -16.2, , -9999.9,M, -9999.9,M,     1.1, ,    16.4, ,     3.5, 
 1917,   -17.4, , -9999.9,M, -9999.9,M, -9999.9,M, -9999.9,M, -9999.9,M,    18.8, ,    15.8, ,    11.6, ,     1.3, , -9999.9,M,   -19.0, , -9999.9,M, -9999.9,M, -9999.9,M, -9999.9,M, -9999.9,M
 1918,   -19.1, ,   -11.5, ,    -1.7, ,     3.6, ,     7.9, ,    15.4, ,    17.0, ,    16.7, ,     8.9, ,     7.1, ,    -2.2, ,    -8.9, ,     2.8, ,   -16.5, ,     3.3, ,    16.4, ,     4.6, 
 1919,    -7.3, ,   -16.0, ,   -11.8, ,     6.0, ,    12.3, ,    18.4, ,    20.3, ,    19.2, ,    12.6, ,    -2.0, ,    -9.2, ,   -14.9, ,     2.3, ,   -10.7, ,     2.2, ,    19.3, ,     0.5, 
 1920,   -21.2, ,   -11.9, ,    -6.4, ,    -1.5, ,    11.2, ,    15.1, ,    19.1, ,    19.1, ,    13.0, ,     7.0, ,    -3.0, ,    -9.0, ,     2.6, ,   -16.0, ,     1.1, ,    17.8, ,     5.7, 
 1921,   -10.9, ,    -8.7, ,    -6.2, ,     2.0, ,     7.8, ,    17.0, ,    19.1, ,    18.0, ,    12.0, ,     8.0, ,    -4.9, ,    -7.4, ,     3.8, ,    -9.5, ,     1.2, ,    18.0, ,     5.0, 
 1922, -9999.9,M,   -18.8, ,    -4.4, ,     4.0, ,    10.9, ,    16.6, ,    18.0, ,    19.0, ,    14.8, ,     6.8, ,    -0.6, ,   -14.3, , -9999.9,M, -9999.9,M,     3.5, ,    17.9, ,     7.0, 
 1923,   -11.3, ,   -15.8, ,    -8.1, ,     3.8, ,    10.8, ,    17.6, ,    20.2, ,    16.3, ,    13.2, ,     7.4, ,     1.7, ,    -5.9, ,     4.2, ,   -13.8, ,     2.2, ,    18.0, ,     7.4, 
 1924,   -16.1, ,    -5.4, ,    -3.2, ,     3.4, ,     8.0, ,    12.9, ,    19.3, ,    16.2, ,    12.8, ,     9.0, ,    -3.9, ,   -14.1, ,     3.2, ,    -9.1, ,     2.7, ,    16.1, ,     6.0, 
 1925,   -13.6, ,    -9.6, ,    -5.1, ,     7.5, ,    11.9, ,    16.0, ,    18.5, ,    19.0, ,    12.8, ,     0.2, ,    -2.2, ,    -3.0, ,     4.4, ,   -12.4, ,     4.8, ,    17.8, ,     3.6, 
 1926,    -1.1, ,     0.8, ,    -0.9, ,     5.8, ,    14.0, ,    15.0, ,    21.5, ,    18.0, ,     9.1, ,     6.8, , -9999.9,M,    -4.2, , -9999.9,M,    -1.1, ,     6.3, ,    18.2, , -9999.9,M
 1927,   -11.5, ,    -9.8, ,    -1.6, ,     6.0, ,    10.0, ,    19.6, ,    20.9, ,    19.7, ,    13.6, ,     8.2, ,    -6.5, ,   -12.0, ,     4.7, ,    -8.5, ,     4.8, ,    20.1, ,     5.1, 
 1928,    -4.5, ,    -4.8, , -9999.9,M,     1.6, ,    18.8, , -9999.9,M,    19.3, , -9999.9,M,    10.8, ,     4.5, ,    -0.4, ,    -5.4, , -9999.9,M,    -7.1, , -9999.9,M, -9999.9,M,     5.0, 
 1929,   -18.1, ,   -14.0, ,    -0.5, ,     3.2, ,     7.2, ,    15.5, ,    19.3, ,    19.1, , -9999.9,M, -9999.9,M, -9999.9,M,   -14.9, , -9999.9,M,   -12.5, ,     3.3, ,    18.0, , -9999.9,M
 1930,   -21.1, ,    -6.5, ,    -5.2, ,     7.8, ,     9.8, ,    15.4, ,    19.2, ,    18.9, ,    11.3, ,     2.0, ,    -3.2, ,    -4.3, ,     3.7, ,   -14.2, ,     4.1, ,    17.8, ,     3.4, 
 1931,    -4.7, ,    -1.0, ,    -5.3, ,     5.8, ,    11.5, ,    17.3, ,    19.8, ,    18.1, ,    12.7, ,     6.4, ,    -5.1, ,    -6.7, ,     5.7, ,    -3.3, ,     4.0, ,    18.4, ,     4.7, 
 1932,   -14.4, ,   -12.9, ,   -10.2, ,     5.8, ,    12.9, ,    16.9, ,    19.1, ,    17.5, ,    12.3, ,     1.5, ,    -6.6, ,   -12.1, ,     2.5, ,   -11.3, ,     2.8, ,    17.8, ,     2.4, 
 1933,   -13.8, ,   -14.7, ,    -2.7, ,     3.3, ,    11.6, ,    18.7, ,    19.4, ,    18.0, ,    11.7, ,     2.5, ,    -2.4, ,   -18.0, ,     2.8, ,   -13.5, ,     4.1, ,    18.7, ,     3.9, 
 1934,    -8.4, ,    -6.6, ,    -3.8, ,     6.0, ,    15.0, ,    14.4, ,    19.0, ,    16.3, ,     7.6, ,     7.5, ,    -0.8, ,   -11.9, ,     4.5, ,   -11.0, ,     5.7, ,    16.6, ,     4.8, 
 1935,   -19.2, ,    -6.1, ,    -7.9, ,     3.2, ,     8.9, ,    14.4, ,    20.5, ,    15.9, ,    11.8, ,     3.5, ,   -10.3, ,    -9.6, ,     2.1, ,   -12.4, ,     1.4, ,    16.9, ,     1.7, 
 1936,   -21.4, ,   -27.2, ,    -5.7, ,     1.8, ,    14.5, ,    15.7, ,    22.7, ,    17.9, ,    12.2, ,     4.2, ,    -1.8, ,   -12.8, ,     1.7, ,   -19.4, ,     3.5, ,    18.8, ,     4.9, 
 1937,   -25.9, ,   -15.3, ,    -5.3, ,     5.7, ,    12.2, ,    17.5, ,    21.4, ,    19.3, ,    12.2, ,     5.9, ,    -5.2, ,   -12.7, ,     2.5, ,   -18.0, ,     4.2, ,    19.4, ,     4.3, 
 1938,   -12.4, ,   -15.7, ,    -1.7, ,     4.6, ,    10.6, ,    17.2, ,    19.4, , -9999.9,M,    16.4, ,     8.8, ,    -4.6, ,    -8.5, , -9999.9,M,   -13.6, ,     4.5, , -9999.9,M,     6.9, 
 1939,   -10.6, ,   -20.0, ,    -6.7, ,     5.7, ,    13.1, ,    12.7, ,    19.3, , -9999.9,M,    12.5, ,     2.6, ,     1.6, ,    -4.3, , -9999.9,M,   -13.0, ,     4.0, , -9999.9,M,     5.6, 
 1940,   -17.8, ,   -11.9, ,    -5.4, ,     2.5, ,    13.4, ,    14.0, ,    19.1, ,    18.9, ,    15.3, ,     8.4, ,    -7.7, ,    -7.7, ,     3.4, ,   -11.3, ,     3.5, ,    17.3, ,     5.3, 
 1941,   -12.5, ,   -12.8, ,    -4.7, ,     6.0, ,    12.2, ,    17.3, ,    21.5, ,    17.8, ,    10.8, ,     6.1, ,    -0.6, ,    -7.8, ,     4.4, ,   -11.0, ,     4.5, ,    18.9, ,     5.4, 
 1942,    -7.3, ,   -11.3, ,    -1.6, ,     5.8, ,    10.0, ,    14.4, ,    18.0, ,    17.7, ,    11.2, ,     6.3, ,    -5.7, ,   -13.5, ,     3.7, ,    -8.8, ,     4.7, ,    16.7, ,     3.9, 
 1943,   -20.9, ,    -8.9, ,    -9.8, ,     7.3, ,     9.2, ,    13.9, ,    20.2, ,    17.8, ,    11.8, ,     7.4, ,    -0.8, ,    -5.4, ,     3.5, ,   -14.4, ,     2.2, ,    17.3, ,     6.1, 
 1944,    -7.8, ,   -11.4, ,   -10.1, ,     6.4, ,    13.2, ,    14.9, ,    18.4, ,    16.7, ,    12.3, ,     9.0, ,    -5.6, ,   -10.8, ,     3.8, ,    -8.2, ,     3.2, ,    16.7, ,     5.2, 
 1945,   -13.2, ,   -11.5, ,    -0.9, ,     1.1, ,     8.3, ,    14.0, ,    19.1, ,    18.4, ,    10.3, ,     6.0, ,    -8.9, ,   -13.9, ,     2.4, ,   -11.8, ,     2.8, ,    17.2, ,     2.5, 
 1946,   -12.8, ,   -12.1, ,     0.2, ,     8.5, ,     9.6, ,    14.5, ,    20.0, ,    17.0, ,    11.9, ,     3.3, ,    -8.0, ,   -13.9, ,     3.2, ,   -12.9, ,     6.1, ,    17.2, ,     2.4, 
 1947,   -12.3, ,   -16.7, ,    -8.8, ,     4.8, ,     9.6, ,    14.9, ,    21.8, ,    17.8, ,    11.0, ,     8.5, ,    -6.6, ,   -10.3, ,     2.8, ,   -14.3, ,     1.9, ,    18.2, ,     4.3, 
 1948,   -11.1, ,   -16.0, ,    -9.7, ,     0.2, ,    12.6, ,    16.7, ,    19.1, ,    19.4, ,    14.6, ,     7.1, ,    -2.7, ,   -15.7, ,     2.9, ,   -12.5, ,     1.0, ,    18.4, ,     6.3, 
 1949,   -18.6, ,   -18.1, ,    -4.0, ,     8.9, ,    12.6, ,    15.9, ,    18.2, ,    20.1, , -9999.9,M,     4.3, ,     2.9, ,   -17.4, , -9999.9,M,   -17.5, ,     5.8, ,    18.1, , -9999.9,M
 1950,   -29.0, ,   -13.4, ,    -8.9, ,     0.5, ,     9.6, ,    15.4, ,    18.1, ,    16.3, , -9999.9,M,     6.2, ,    -8.9, ,   -13.3, , -9999.9,M,   -19.9, ,     0.4, ,    16.6, , -9999.9,M
 1951, -9999.9,M, -9999.9,M, -9999.9,M, -9999.9,M, -9999.9,M, -9999.9,M, -9999.9,M, -9999.9,M, -9999.9,M, -9999.9,M, -9999.9,M, -9999.9,M, -9999.9,M, -9999.9,M, -9999.9,M, -9999.9,M, -9999.9,M
 1952, -9999.9,M, -9999.9,M, -9999.9,M, -9999.9,M, -9999.9,M, -9999.9,M, -9999.9,M,    17.8, ,    14.0, ,     4.2, , -9999.9,M, -9999.9,M, -9999.9,M, -9999.9,M, -9999.9,M, -9999.9,M, -9999.9,M
 1953, -9999.9,M, -9999.9,M, -9999.9,M,     0.7, ,     9.0, ,    14.7, ,    16.9, , -9999.9,M, -9999.9,M, -9999.9,M, -9999.9,M, -9999.9,M, -9999.9,M, -9999.9,M, -9999.9,M, -9999.9,M, -9999.9,M
 1954, -9999.9,M, -9999.9,M, -9999.9,M, -9999.9,M, -9999.9,M, -9999.9,M,    18.3, ,    16.5, ,    10.7, ,     5.6, ,     1.3, ,    -4.5, , -9999.9,M, -9999.9,M, -9999.9,M, -9999.9,M,     5.9, 
 1955,   -12.5, ,   -14.8, ,   -11.4, ,     5.6, ,     9.8, ,    15.4, ,    18.9, ,    17.6, ,    10.3, ,     6.3, ,   -13.2, ,   -17.6, ,     1.2, ,   -10.6, ,     1.3, ,    17.3, ,     1.1, 
 1956,   -16.9, , -9999.9,M, -9999.9,M, -9999.9,M, -9999.9,M, -9999.9,M, -9999.9,M, -9999.9,M, -9999.9,M, -9999.9,M, -9999.9,M, -9999.9,M, -9999.9,M, -9999.9,M, -9999.9,M, -9999.9,M, -9999.9,M
 1957, -9999.9,M, -9999.9,M, -9999.9,M, -9999.9,M, -9999.9,M, -9999.9,M, -9999.9,M, -9999.9,M, -9999.9,M, -9999.9,M, -9999.9,M, -9999.9,M, -9999.9,M, -9999.9,M, -9999.9,M, -9999.9,M, -9999.9,M
 1958, -9999.9,M, -9999.9,M, -9999.9,M, -9999.9,M, -9999.9,M, -9999.9,M, -9999.9,M, -9999.9,M,    12.3, ,     6.2, , -9999.9,M, -9999.9,M, -9999.9,M, -9999.9,M, -9999.9,M, -9999.9,M, -9999.9,M
 1959,   -18.4, ,   -14.8, ,     0.1, ,     4.1, ,     9.4, ,    17.1, ,    20.2, ,    18.1, ,    10.6, ,     2.4, ,    -6.5, ,    -5.5, ,     3.1, , -9999.9,M,     4.5, ,    18.5, ,     2.2, 
 1960,   -15.1, ,   -12.6, ,    -7.6, ,     4.1, ,    12.4, ,    14.7, ,    21.1, ,    18.3, ,    14.0, ,     6.8, ,    -4.1, ,    -8.6, ,     3.6, ,   -11.1, ,     3.0, ,    18.0, ,     5.6, 
 1961,    -9.1, ,    -8.6, ,    -1.9, ,     2.2, ,    11.3, ,    20.2, ,    20.2, ,    21.7, ,     9.8, ,     5.7, ,    -3.4, ,   -17.3, ,     4.2, ,    -8.8, ,     3.9, ,    20.7, ,     4.0, 
 1962,   -15.0, ,   -15.1, ,    -8.6, ,     6.9, ,    10.5, ,    17.4, ,    17.4, ,    17.8, ,    11.6, ,     8.3, ,     2.0, ,    -8.6, ,     3.7, ,   -15.8, ,     2.9, ,    17.5, ,     7.3, 
 1963,   -18.1, ,   -10.4, ,    -2.3, ,     5.1, ,     9.8, ,    15.8, ,    20.1, ,    19.5, ,    15.7, ,    10.9, ,    -2.8, ,   -11.9, ,     4.3, ,   -12.4, ,     4.2, ,    18.5, ,     7.9, 
 1964,   -10.0, ,    -6.3, ,    -9.0, ,     5.0, ,    12.3, ,    15.5, ,    21.1, ,    17.4, ,    10.6, ,     7.0, ,    -4.9, ,   -19.2, ,     3.3, ,    -9.4, ,     2.8, ,    18.0, ,     4.2, 
 1965,   -18.4, ,   -15.0, ,   -13.6, ,     3.8, ,    10.2, ,    16.3, ,    19.9, ,    18.9, ,     6.5, ,     7.7, ,    -7.7, , -9999.9,M, -9999.9,M,   -17.5, ,     0.1, ,    18.4, ,     2.2, 
 1966,   -23.1, ,   -14.3, ,    -1.3, ,     0.5, ,    11.1, ,    15.7, ,    19.8, ,    17.0, ,    14.7, ,     5.4, ,    -9.1, ,   -10.2, ,     2.2, , -9999.9,M,     3.4, ,    17.5, ,     3.7, 
 1967,   -14.9, ,   -15.3, ,    -9.7, ,    -0.4, ,     9.8, ,    15.0, ,    19.6, ,    19.1, ,    15.7, ,     5.1, ,    -2.8, ,   -10.9, ,     2.5, ,   -13.5, ,    -0.1, ,    17.9, ,     6.0, 
 1968,   -14.9, ,   -10.1, ,     0.7, ,     4.9, ,     9.8, ,    15.8, ,    19.1, ,    15.6, ,    12.5, ,     5.9, ,    -1.1, ,   -10.8, ,     4.0, ,   -12.0, ,     5.1, ,    16.8, ,     5.8, 
 1969,   -23.8, ,   -14.4, ,    -9.5, ,     6.5, ,    11.5, ,    13.6, ,    17.5, ,    19.9, ,    12.4, ,     1.0, ,    -0.7, ,    -7.8, ,     2.2, ,   -16.3, ,     2.8, ,    17.0, ,     4.2, 
 1970,   -17.5, ,   -11.4, ,   -10.4, ,     2.8, ,     9.2, ,    18.5, ,    19.5, ,    18.2, ,    11.3, ,     4.8, ,    -5.7, , -9999.9,M, -9999.9,M,   -12.2, ,     0.5, ,    18.7, ,     3.5, 
 1971,   -19.2, ,   -10.2, ,    -6.0, ,     4.7, ,    12.6, ,    16.2, ,    17.4, ,    21.0, ,    12.4, ,     5.3, ,    -3.0, ,   -14.5, ,     3.1, , -9999.9,M,     3.8, ,    18.2, ,     4.9, 
 1972,   -19.2, ,   -17.1, ,    -5.4, ,     4.4, ,    13.2, ,    17.9, ,    16.8, ,    20.7, ,     9.2, ,     3.1, ,    -2.2, ,   -15.5, ,     2.2, ,   -16.9, ,     4.1, ,    18.5, ,     3.4, 
 1973,    -8.0, ,    -9.0, ,     1.3, ,     3.0, ,    10.9, ,    16.6, ,    19.1, ,    19.4, ,    11.4, ,     7.1, ,   -10.5, , -9999.9,M, -9999.9,M,   -10.8, ,     5.1, ,    18.4, ,     2.7, 
 1974,   -17.4, ,   -10.7, ,   -11.1, ,     1.4, ,     8.6, ,    17.7, ,    20.3, ,    15.8, ,     9.8, ,     7.7, ,    -1.7, ,    -4.6, ,     3.0, , -9999.9,M,    -0.4, ,    17.9, ,     5.3, 
 1975,   -11.9, ,   -14.5, ,    -8.9, ,    -0.4, ,    10.7, ,    15.7, ,    21.5, ,    15.5, ,    11.5, ,     6.2, ,    -3.0, ,   -10.9, ,     2.6, ,   -10.3, ,     0.5, ,    17.6, ,     4.9, 
 1976,   -12.8, ,    -6.9, ,    -6.0, ,     7.0, ,    12.9, ,    15.9, ,    19.4, ,    19.0, ,    13.7, ,     3.6, ,    -4.7, ,   -10.8, ,     4.2, ,   -10.2, ,     4.6, ,    18.1, ,     4.2, 
 1977,   -18.1, ,    -2.4, ,    -0.8, ,     8.7, ,    14.4, ,    17.4, ,    18.9, ,    15.2, ,    12.0, ,     6.7, ,    -5.4, ,   -15.5, ,     4.3, ,   -10.4, ,     7.4, ,    17.2, ,     4.4, 
 1978,   -20.7, ,   -15.7, ,    -4.1, ,     4.9, ,    12.9, ,    17.5, ,    18.8, ,    17.5, ,    13.7, ,     7.1, ,    -7.3, ,   -13.5, ,     2.6, ,   -17.3, ,     4.6, ,    17.9, ,     4.5, 
 1979,   -20.1, ,   -20.6, ,    -6.9, ,    -0.2, ,     8.7,E,    17.2, ,    20.4, ,    17.6, ,    14.3, ,     7.6, ,    -3.2, ,    -5.1, ,     2.5,E,   -18.1, ,     0.5,E,    18.4, ,     6.2, 
 1980,   -14.5, ,   -12.0, ,    -7.2, ,    10.0, ,    14.9, ,    16.6, ,    19.7, ,    16.0, ,    12.5, ,     6.3, ,    -0.4, ,   -13.1,E,     4.1,E,   -10.5, ,     5.9, ,    17.4, ,     6.1, 
 1981,    -8.8, ,    -7.6, ,     0.9,E,     6.7,E,    12.7,E,    15.2, ,    19.8, ,    20.4, ,    13.6, ,     4.6, ,     1.4,E,   -11.1, ,     5.7,E,    -9.8,E,     6.8,E,    18.5, ,     6.5,E
 1982,   -25.0,E,   -13.7,E,    -7.6, ,     2.1,E,    10.0, ,    15.7,E,    18.4,E,    17.6,E,    11.7,E,     5.9,E,    -6.5,E,    -8.8, ,     1.7,E,   -16.6,E,     1.5,E,    17.2,E,     3.7,E
 1983,    -9.8, ,    -7.0, ,    -4.4, ,     4.5,E,     9.6, ,    16.3, ,    20.1, ,    21.5, ,    11.0,E,     6.4,E,    -2.1,E,   -20.5,E,     3.8,E,    -8.5, ,     3.2,E,    19.3, ,     5.1,E
 1984,   -10.3,E,    -2.1,E,    -4.5,E,     7.1,E,    10.9,E,    16.8,E,    20.4,E,    20.8, ,     8.4,E,     3.2,E,    -5.7,E,   -17.0, ,     4.0,E,   -11.0,E,     4.5,E,    19.3,E,     2.0,E
 1985,   -13.4, ,   -12.9,E,    -1.5, ,     6.7, ,    13.6,E,    13.9, ,    20.4, ,    17.0, ,     9.0, ,     5.5, ,   -13.3, ,   -11.0,E,     2.8,E,   -14.4,E,     6.3,E,    17.1, ,     0.4, 
 1986,    -5.3, ,   -12.7, ,     1.9,E,     4.5, ,    12.7, ,    17.6, ,    18.6, ,    18.6, ,     9.8, ,     7.2, ,    -6.7, ,    -5.9,E,     5.0,E,    -9.7,E,     6.4,E,    18.3, ,     3.4, 
 1987,    -5.5, ,    -4.1, ,    -1.9, ,     9.2, ,    14.6, ,    19.0, ,    18.6, ,    15.8, ,    14.5, ,     5.8, ,     0.7, ,    -5.6, ,     6.8, ,    -5.2,E,     7.3, ,    17.8, ,     7.0, 
 1988,   -13.7, ,    -9.9, ,    -0.8, ,     6.2, ,    16.0,E,    22.7, ,    20.6, ,    18.2, ,    12.1, ,     6.2,E,    -3.8, ,    -9.8, ,     5.3,E,    -9.7, ,     7.1,E,    20.5, ,     4.8,E
 1989,   -11.5, ,   -16.5, ,    -7.7, ,     5.5, ,    12.3, ,    16.5, ,    21.1, ,    18.9, ,    12.6, ,     5.6, ,    -2.8, ,   -12.3, ,     3.5, ,   -12.6, ,     3.4, ,    18.8, ,     5.1, 
 1990,    -7.3, ,   -10.0, ,    -0.2, ,     4.6, ,    10.8, ,    17.0, ,    18.4, ,    18.4, ,    15.1, ,     5.4,E,    -3.9, ,   -15.2, ,     4.4,E,    -9.9, ,     5.1, ,    17.9, ,     5.5,E
 1991,   -14.4, ,    -3.0, ,    -3.0,E,     7.0,E,    12.2,E,    17.0, ,    19.5, ,    21.0, ,    12.8, ,     2.9,E,    -5.1, ,    -8.2, ,     4.9,E,   -10.9, ,     5.4,E,    19.2, ,     3.5,E
 1992,    -6.8, ,    -5.2,E,     2.0, ,     5.5, ,    11.7, ,    16.0,E,    16.6, ,    16.3, ,    11.3, ,     5.7, ,    -1.5, ,   -14.5, ,     4.8,E,    -6.7,E,     6.4, ,    16.3,E,     5.2, 
 1993,   -14.9, ,   -11.0, ,    -1.0, ,     5.3, ,    12.2, ,    14.9, ,    16.1, ,    16.6, ,    11.1, ,     5.3, ,    -6.0, ,    -7.3, ,     3.4, ,   -13.5, ,     5.5, ,    15.9, ,     3.5, 
 1994,   -18.3, ,   -18.7, ,     0.4, ,     5.8, ,    12.5, ,    16.2, ,    18.9, ,    18.0, ,    15.1, ,     7.2, ,    -2.3, ,    -7.8, ,     3.9, ,   -14.8, ,     6.2, ,    17.7, ,     6.7, 
 1995,   -12.5, ,    -7.5, ,    -3.0, ,     2.3, ,    10.5, ,    17.7, ,    18.7, ,    17.3, ,    12.3, ,     5.5, ,    -7.8, ,   -14.9, ,     3.2, ,    -9.3, ,     3.3, ,    17.9, ,     3.3, 
 1996,   -20.0,E,    -9.3, ,    -8.1, ,     3.3,E,     9.0, ,    16.9, ,    18.9, ,    20.3, ,    11.4, ,     4.0,E,   -10.6, ,   -17.0, ,     1.6,E,   -14.7,E,     1.4,E,    18.7, ,     1.6,E
 1997,   -17.9, ,    -8.4, ,    -6.6, ,     3.3, ,    11.5, ,    18.1, ,    19.7, ,    19.2,E,    15.5, ,     6.0, ,    -1.9, ,    -3.1,E,     4.6,E,   -14.4, ,     2.7, ,    19.0,E,     6.5, 
 1998,   -15.5, ,    -4.1, ,    -5.4, ,     8.1, ,    12.8, ,    14.8, ,    20.5, , -9999.9,M, -9999.9,M, -9999.9,M, -9999.9,M, -9999.9,M, -9999.9,M,    -7.6,E,     5.2, , -9999.9,M, -9999.9,M
 1999, -9999.9,M, -9999.9,M, -9999.9,M, -9999.9,M, -9999.9,M, -9999.9,M, -9999.9,M, -9999.9,M, -9999.9,M, -9999.9,M, -9999.9,M, -9999.9,M, -9999.9,M, -9999.9,M, -9999.9,M, -9999.9,M, -9999.9,M
 2000, -9999.9,M, -9999.9,M, -9999.9,M, -9999.9,M, -9999.9,M, -9999.9,M,    20.4, ,    18.7,E,    13.2, ,     6.5, ,    -5.2, , -9999.9,M, -9999.9,M, -9999.9,M, -9999.9,M, -9999.9,M,     4.8, 
 2001,    -6.6,E, -9999.9,M, -9999.9,M, -9999.9,M,    13.3, ,    16.1, ,    20.4, ,    21.2, ,    15.1, , -9999.9,M, -9999.9,M, -9999.9,M, -9999.9,M, -9999.9,M, -9999.9,M,    19.2, , -9999.9,M
