6059475,WHITE_RIVER         ,ONT , station not joined, Monthly mean of homogenized daily mean temperature                     , Deg Celcius,          Updated to December 2019
6059475,WHITE_RIVER         ,ONT , station non jointe, Moyenne mensuelle des temperatures quotidiennes moyennes homogeneisees , Deg Celsius, Mise a jour jusqu a decembre 2019
 Year,     Jan, ,     Feb, ,     Mar, ,     Apr, ,     May, ,     Jun, ,     Jul, ,     Aug, ,     Sep, ,     Oct, ,     Nov, ,     Dec, ,  Annual, ,  Winter, ,  Spring, ,  Summer, ,  Autumn
Annee,    Janv, ,     Fev, ,    Mars, ,     Avr, ,     Mai, ,    Juin, ,    Juil, ,    Aout, ,    Sept, ,     Oct, ,     Nov, ,     Dec, ,  Annuel, ,   Hiver, ,Printemp, ,     Ete, , Automne
 1888, -9999.9,M, -9999.9,M, -9999.9,M, -9999.9,M, -9999.9,M, -9999.9,M, -9999.9,M, -9999.9,M, -9999.9,M, -9999.9,M, -9999.9,M, -9999.9,M, -9999.9,M, -9999.9,M, -9999.9,M, -9999.9,M, -9999.9,M
 1889,   -13.8, ,   -20.7, ,    -6.0, ,     0.3, ,     7.8, ,    12.3, ,    16.1, ,    13.8, ,    11.0, ,    -0.1, ,    -4.9, ,    -9.9, ,     0.5, , -9999.9,M,     0.7, ,    14.1, ,     2.0, 
 1890,   -18.0, ,   -15.5, ,   -13.2, ,     0.0, ,     3.8, ,    16.1, ,    15.9, ,    13.0, ,     9.2, ,     4.6, ,    -4.4, ,   -12.6, ,    -0.1, ,   -14.5, ,    -3.1, ,    15.0, ,     3.1, 
 1891,   -14.2, ,   -17.4, ,   -11.2, ,     1.7, ,     6.9, ,    14.4, ,    12.6, ,    14.1, ,    13.4, ,     3.6, ,    -6.5, ,    -5.5, ,     1.0, ,   -14.7, ,    -0.9, ,    13.7, ,     3.5, 
 1892,   -19.4, ,   -14.1, ,    -9.1, ,    -0.8, ,     7.6, ,    13.8, ,    15.2, ,    13.8, ,     9.5, ,     3.8, ,    -6.9, ,   -15.5, ,    -0.2, ,   -13.0, ,    -0.8, ,    14.3, ,     2.1, 
 1893,   -23.1, ,   -18.9, ,   -11.2, ,    -3.6, ,     6.1, ,    16.9, ,    16.5, ,    14.2, ,     8.5, ,     4.5, ,    -5.1, ,   -20.2, ,    -1.3, ,   -19.2, ,    -2.9, ,    15.9, ,     2.6, 
 1894,   -18.1, ,   -18.0, ,    -7.3, ,     2.4, ,     7.3, ,    15.9, ,    16.8, ,    12.9, ,    11.3, ,     5.0, ,    -8.0, ,   -10.5, ,     0.8, ,   -18.8, ,     0.8, ,    15.2, ,     2.8, 
 1895,   -18.2, ,   -17.7, ,   -14.0, ,     2.5, ,     9.8, ,    15.5, ,    14.5, ,    13.6, ,    10.6, ,     0.2, ,    -6.6, ,   -11.3, ,    -0.1, ,   -15.5, ,    -0.6, ,    14.5, ,     1.4, 
 1896,   -15.2, ,   -13.8, ,   -14.9, ,     2.2, ,    12.2, ,    14.4, ,    15.3, ,    13.7, ,     8.4, ,     1.4, ,    -8.7, ,   -14.2, ,     0.1, ,   -13.4, ,    -0.2, ,    14.5, ,     0.4, 
 1897,   -16.3, ,   -15.2, ,   -10.0, ,    -0.7, ,     8.2, ,    11.4, ,    19.5, ,    13.1, ,    12.5, ,     5.2, ,    -8.2, ,   -14.5, ,     0.4, ,   -15.2, ,    -0.8, ,    14.7, ,     3.2, 
 1898,   -16.2, ,   -14.5, ,    -6.3, ,     0.4, ,     8.6, ,    13.8, ,    16.3, ,    13.2, ,    11.9, ,     3.2, ,    -3.9, ,   -13.6, ,     1.1, ,   -15.1, ,     0.9, ,    14.4, ,     3.7, 
 1899,   -18.5, ,   -19.2, ,   -15.1, ,     1.5, ,     8.8, ,    12.7, ,    15.5, ,    15.7, ,     7.0, ,     4.9, ,    -0.1, ,   -14.2, ,    -0.1, ,   -17.1, ,    -1.6, ,    14.6, ,     3.9, 
 1900,   -14.0, ,   -18.6, ,   -14.4, ,     3.7, ,     8.9, ,    13.5, ,    15.2, ,    17.5, ,    11.8, ,     9.2, ,    -6.1, ,   -12.0, ,     1.2, ,   -15.6, ,    -0.6, ,    15.4, ,     5.0, 
 1901,   -16.7, ,   -18.4, ,   -12.4, ,     2.9, ,    10.4, ,    15.6, ,    17.4, ,    15.5, ,    10.4, ,     3.7, ,    -6.4, ,   -13.5, ,     0.7, ,   -15.7, ,     0.3, ,    16.2, ,     2.6, 
 1902,   -15.7, ,   -11.1, ,    -4.3, ,     1.3, ,     7.6, ,    10.7, ,    17.2, ,    13.3, ,     9.5, ,     2.0, ,    -2.2, ,   -14.8, ,     1.1, ,   -13.4, ,     1.5, ,    13.7, ,     3.1, 
 1903,   -17.2, ,   -17.5, ,    -6.7, ,    -0.4, ,     8.4, ,    13.3, ,    15.9, ,    13.4, ,     9.3, ,     4.2, ,    -5.9, ,   -17.3, ,     0.0, ,   -16.5, ,     0.4, ,    14.2, ,     2.5, 
 1904,   -20.4, ,   -22.2, ,   -10.2, ,    -1.3, ,     8.9, ,    15.1, ,    14.6, ,    12.5, ,     8.8, ,     2.4, ,    -3.5, ,   -16.8, ,    -1.0, ,   -20.0, ,    -0.9, ,    14.1, ,     2.6, 
 1905,   -20.8, ,   -17.9, ,   -10.0, ,    -0.5, ,     6.9, ,    13.1, ,    16.0, ,    14.6, ,    12.4, ,     2.9, ,    -5.1, ,    -9.6, ,     0.2, ,   -18.5, ,    -1.2, ,    14.6, ,     3.4, 
 1906,   -12.2, ,   -16.5, ,   -13.8, ,     3.2, ,     7.2, ,    16.1, ,    16.1, ,    16.0, ,    12.3, ,     3.6, ,    -2.8, , -9999.9,M, -9999.9,M,   -12.8, ,    -1.1, ,    16.1, ,     4.4, 
 1907,   -20.1, ,   -18.9, ,    -8.3, ,    -6.0, ,     1.3, ,    15.0, ,    15.4, ,    13.0, ,     9.2, ,     1.1, ,    -4.9, ,   -11.7, ,    -1.2, , -9999.9,M,    -4.3, ,    14.5, ,     1.8, 
 1908,   -15.8, ,   -16.6, ,   -11.3, ,    -1.5, ,     9.4, ,    14.4, ,    16.3, ,    14.3, ,    13.3, ,     6.0, ,    -2.8, ,   -14.5, ,     0.9, ,   -14.7, ,    -1.1, ,    15.0, ,     5.5, 
 1909,   -17.8, ,   -17.6, ,    -9.2, ,    -2.6, ,     7.0, ,    14.9, ,    15.8, ,    16.0, ,     9.2, ,     4.0, ,    -1.7, ,   -10.6, ,     0.6, ,   -16.6, ,    -1.6, ,    15.6, ,     3.8, 
 1910,   -15.1, ,   -18.1, ,    -2.6, ,     4.1, ,     6.2, ,    15.5, ,    16.0, ,    14.2, ,     9.5, ,     4.4, ,    -4.7, ,   -14.7, ,     1.2, ,   -14.6, ,     2.6, ,    15.2, ,     3.1, 
 1911,   -19.5, ,   -13.4, ,    -8.6, ,     0.9, ,    10.8, ,    15.1, ,    16.0, ,    13.8, ,     8.6, ,     2.7, ,    -8.0, ,    -8.1, ,     0.9, ,   -15.9, ,     1.0, ,    15.0, ,     1.1, 
 1912,   -25.2, ,   -17.2, ,   -13.6, ,    -1.0, ,     8.0, , -9999.9,M, -9999.9,M,    12.8, ,    11.4, ,     5.0, , -9999.9,M,   -10.6, , -9999.9,M,   -16.8, ,    -2.2, , -9999.9,M, -9999.9,M
 1913,   -16.1, ,   -21.1, , -9999.9,M,     2.2, , -9999.9,M, -9999.9,M,    14.2, ,    13.8, ,     8.8, ,     2.9, ,    -2.2, ,    -8.2, , -9999.9,M,   -15.9, , -9999.9,M, -9999.9,M,     3.2, 
 1914,   -15.8, ,   -23.2, ,   -11.2, ,    -3.1, ,     9.3, ,    12.6, ,    16.5, ,    13.4, ,    10.4, ,     5.5, ,    -6.2, ,   -15.5, ,    -0.6, ,   -15.7, ,    -1.7, ,    14.2, ,     3.2, 
 1915,   -15.8, ,   -12.0, ,    -9.4, ,     4.8, ,     6.3, ,    11.0, ,    13.4, ,    13.3, ,    10.3, ,     4.5, ,    -2.9, ,   -11.6, ,     1.0, ,   -14.4, ,     0.6, ,    12.6, ,     4.0, 
 1916,   -16.2, ,   -20.3, ,   -13.5, ,     0.8, ,     6.8, ,    11.6, ,    18.5, ,    15.1, ,     8.9, ,     1.7, ,    -6.1, ,   -16.5, ,    -0.8, ,   -16.0, ,    -2.0, ,    15.1, ,     1.5, 
 1917,   -20.5, ,   -22.5, ,   -10.3, ,    -2.0, ,     5.3, ,    11.1, ,    16.3, ,    12.2, ,     9.4, ,    -0.7, ,    -4.0, ,   -19.6, ,    -2.1, ,   -19.8, ,    -2.3, ,    13.2, ,     1.6, 
 1918,   -21.0, ,   -19.6, ,    -7.5, ,     1.5, ,     7.3, ,    11.2, ,    14.6, ,    13.4, ,     5.8, ,     4.0, ,    -1.2, ,   -10.5, ,    -0.2, ,   -20.1, ,     0.4, ,    13.1, ,     2.9, 
 1919,   -13.1, ,   -11.5, ,    -7.8, ,     0.4, ,     9.4, ,    18.2, ,    17.6, ,    14.4, ,     9.7, ,     1.8, ,    -6.3, ,   -19.0, ,     1.2, ,   -11.7, ,     0.7, ,    16.7, ,     1.7, 
 1920,   -22.4, ,   -15.3, ,    -8.3, ,    -1.2, ,     8.0, ,    13.9, ,    13.6, ,    14.6, ,    12.0, ,     7.7, ,    -5.7, ,   -10.0, ,     0.6, ,   -18.9, ,    -0.5, ,    14.0, ,     4.7, 
 1921,   -13.4, ,   -13.3, ,    -8.5, ,     2.9, ,     9.3, ,    15.6, ,    20.1, ,    13.6, ,    12.0, ,     4.0, ,    -8.6, ,   -13.4, ,     1.7, ,   -12.2, ,     1.2, ,    16.4, ,     2.5, 
 1922,   -17.2, ,   -16.4, ,    -6.6, ,     0.6, ,    12.4, ,    13.6, ,    14.7, ,    14.4, ,    11.0, ,     1.6, ,    -2.8, ,   -16.5, ,     0.7, ,   -15.7, ,     2.1, ,    14.2, ,     3.3, 
 1923,   -18.8, ,   -19.7, ,   -16.6, ,    -2.6, ,     7.2, ,    15.1, ,    16.0, ,    11.7, ,    10.9, ,     2.5, ,    -1.8, ,    -8.8, ,    -0.4, ,   -18.3, ,    -4.0, ,    14.3, ,     3.9, 
 1924,   -21.9, ,   -16.1, ,    -7.9, ,    -0.2, ,     5.1, ,    11.7, ,    13.8, ,    13.7, ,     9.7, ,     6.0, ,    -6.1, ,   -20.0, ,    -1.0, ,   -15.6, ,    -1.0, ,    13.1, ,     3.2, 
 1925,   -19.3, ,   -16.4, ,   -10.1, ,     2.4, ,     4.9, ,    14.1, ,    14.5, ,    15.8, ,     9.3, ,    -0.6, ,    -4.9, ,   -14.1, ,    -0.4, ,   -18.6, ,    -0.9, ,    14.8, ,     1.3, 
 1926,   -15.3, ,   -16.4, ,   -12.8, ,    -4.3, ,     7.1, ,    11.5, ,    15.2, ,    14.5, ,     7.9, ,     2.3, ,    -8.1, ,   -13.4, ,    -1.0, ,   -15.3, ,    -3.3, ,    13.7, ,     0.7, 
 1927,   -17.2, ,   -13.7, ,    -5.5, ,     0.7, ,     6.6, ,    11.7, ,    15.0, ,    12.0, ,    11.3, ,     4.2, ,    -7.2, ,   -15.9, ,     0.2, ,   -14.8, ,     0.6, ,    12.9, ,     2.8, 
 1928,   -16.3, ,   -17.5, ,   -11.0, ,    -2.6, ,     8.6, ,    11.7, ,    16.1, ,    15.1, ,     8.0, ,     3.2, ,    -4.0, ,    -8.3, ,     0.3, ,   -16.6, ,    -1.7, ,    14.3, ,     2.4, 
 1929,   -22.5, ,   -18.6, ,    -7.6, ,     0.9, ,     5.4, ,    11.8, ,    14.6, ,    12.9, ,     9.1, ,     2.6, ,    -7.2, ,   -15.6, ,    -1.2, ,   -16.5, ,    -0.4, ,    13.1, ,     1.5, 
 1930,   -20.9, ,   -13.6, ,   -10.1, ,     0.1, ,     8.7, ,    14.7, ,    14.8, ,    15.3, ,     9.9, ,     3.7, ,    -1.9, ,   -10.4, ,     0.9, ,   -16.7, ,    -0.4, ,    14.9, ,     3.9, 
 1931,   -14.6, ,   -12.0, ,    -7.7, ,     0.4, ,     7.6, ,    15.7, ,    17.6, ,    14.5, ,    13.1, ,     6.9, ,     0.4, ,    -8.6, ,     2.8, ,   -12.3, ,     0.1, ,    15.9, ,     6.8, 
 1932,   -11.0, ,   -14.2, ,   -12.8, ,    -0.9, ,     9.1, ,    14.7, ,    15.3, ,    15.7, ,    11.2, ,     1.9, ,    -7.0, ,   -14.3, ,     0.6, ,   -11.3, ,    -1.5, ,    15.2, ,     2.0, 
 1933,   -14.3, ,   -15.8, ,   -10.0, ,     0.0, ,     8.6, ,    16.4, ,    15.9, ,    14.3, ,    10.5, ,     1.8, ,   -12.0, ,   -18.8, ,    -0.3, ,   -14.8, ,    -0.5, ,    15.5, ,     0.1, 
 1934,   -12.8, ,   -22.4, ,   -12.1, ,    -2.1, ,     8.6, ,    13.5, ,    15.5, ,    12.4, ,     9.9, ,     3.8, ,    -1.9, ,   -16.6, ,    -0.4, ,   -18.0, ,    -1.9, ,    13.8, ,     3.9, 
 1935,   -21.0, ,   -15.3, ,    -8.6, ,    -1.2, ,     6.5, ,    12.1, ,    18.6, ,    15.8, ,     8.1, ,     3.7, ,    -7.5, ,   -14.1, ,    -0.2, ,   -17.6, ,    -1.1, ,    15.5, ,     1.4, 
 1936,   -19.9, ,   -21.5, ,    -7.1, ,    -3.3, ,     8.0, ,    11.5, ,    17.6, ,    14.7, ,    10.7, ,     0.3, ,   -10.5, ,   -10.4, ,    -0.8, ,   -18.5, ,    -0.8, ,    14.6, ,     0.2, 
 1937,   -19.1, ,   -11.7, ,   -11.3, ,     2.0, ,     9.4, ,    14.6, ,    16.7, ,    17.1, ,     9.5, ,     2.6, ,    -4.7, ,   -14.5, ,     0.9, ,   -13.7, ,     0.0, ,    16.1, ,     2.5, 
 1938,   -20.0, ,   -15.2, ,    -5.6, ,     0.0, ,     9.9, ,    13.6, ,    16.2, ,    16.2, ,     9.7, ,     5.5, ,    -6.6, ,   -11.8, ,     1.0, ,   -16.6, ,     1.4, ,    15.3, ,     2.9, 
 1939,   -16.2, ,   -19.7, ,   -13.3, ,    -3.0, ,     8.5, ,    14.5, ,    16.8, ,    15.4, ,    10.1, ,     2.7, ,    -3.4, ,    -8.6, ,     0.3, ,   -15.9, ,    -2.6, ,    15.6, ,     3.1, 
 1940,   -16.7, ,   -13.3, ,   -12.5, ,    -1.1, ,     6.9, ,    12.6, ,    17.0, ,    15.7, ,    11.6, ,     3.9, ,    -6.7, ,   -11.2, ,     0.5, ,   -12.9, ,    -2.2, ,    15.1, ,     2.9, 
 1941,   -17.3, ,   -13.9, ,   -10.1, ,     3.6, ,    10.0, ,    15.5, ,    17.4, ,    13.5, ,    11.6, ,     3.9, ,    -4.3, ,   -11.0, ,     1.6, ,   -14.1, ,     1.2, ,    15.5, ,     3.7, 
 1942,   -16.9, ,   -14.4, ,    -5.1, ,     4.2, ,     8.4, ,    14.8, ,    14.6, ,    14.8, ,     8.5, ,     4.4, ,    -6.4, ,   -17.9, ,     0.8, ,   -14.1, ,     2.5, ,    14.7, ,     2.2, 
 1943,   -19.8, ,   -14.3, ,   -13.6, ,    -1.6, ,     7.7, ,    13.7, ,    17.4, ,    14.5, ,     8.9, ,     3.5, ,    -5.3, ,   -14.2, ,    -0.3, ,   -17.3, ,    -2.5, ,    15.2, ,     2.4, 
 1944,    -8.7, ,   -15.8, ,   -11.6, ,    -1.1, ,    10.7, ,    13.5, ,    16.7, ,    15.9, ,    11.2, ,     3.5, ,    -2.6, ,   -12.0, ,     1.6, ,   -12.9, ,    -0.7, ,    15.4, ,     4.0, 
 1945,   -21.2, ,   -13.3, ,    -2.1, ,    -0.1, ,     5.4, ,    12.3, ,    14.9, ,    14.8, ,     9.9, ,     3.0, ,    -5.1, ,   -15.8, ,     0.2, ,   -15.5, ,     1.1, ,    14.0, ,     2.6, 
 1946,   -15.3, ,   -18.8, ,    -1.8, ,     0.6, ,     6.6, ,    12.6, ,    15.2, ,    13.4, ,    10.4, ,     5.7, ,    -4.5, ,   -13.4, ,     0.9, ,   -16.6, ,     1.8, ,    13.7, ,     3.9, 
 1947,   -16.0, ,   -15.2, ,    -9.2, ,    -3.6, ,     4.6, ,    12.1, ,    16.7, ,    18.5, ,    10.3, ,     8.8, ,    -5.2, ,   -14.3, ,     0.6, ,   -14.9, ,    -2.7, ,    15.8, ,     4.6, 
 1948,   -20.8, ,   -17.4, ,   -10.6, ,     2.4, ,     7.0, ,    12.9, ,    16.1, ,    15.9, ,    11.7, ,     4.3, ,    -0.7, ,    -9.9, ,     0.9, ,   -17.5, ,    -0.4, ,    15.0, ,     5.1, 
 1949,   -15.9, ,   -15.9, ,   -11.4, ,     1.4, ,     7.7, ,    15.2, ,    16.9, ,    15.9, ,     9.0, ,     5.8, ,    -5.3, ,   -11.5, ,     1.0, ,   -13.9, ,    -0.8, ,    16.0, ,     3.2, 
 1950,   -19.1, ,   -15.6, ,   -12.5, ,    -4.1, ,     7.3, ,    11.7, ,    14.4, ,    12.4, ,     9.1, ,     5.1, ,    -5.3, ,   -16.6, ,    -1.1, ,   -15.4, ,    -3.1, ,    12.8, ,     3.0, 
 1951,   -17.1, ,   -14.0, ,    -8.5, ,     1.4, ,    10.4, ,    12.8, ,    15.0, ,    13.0, ,     8.3, ,     3.3, ,    -8.6, , -9999.9,M, -9999.9,M,   -15.9, ,     1.1, ,    13.6, ,     1.0, 
 1952,   -16.8, ,   -14.5, ,    -9.0, ,     2.5, ,     7.9, ,    13.4, ,    16.7, ,    14.3, ,    11.1, ,     1.2, ,    -2.8, ,    -7.6, ,     1.4, , -9999.9,M,     0.5, ,    14.8, ,     3.2, 
 1953,   -15.1, ,   -13.3, ,    -6.6, ,    -0.1, ,     7.8, ,    13.6, ,    15.3, ,    16.2, ,     9.5, ,     5.7, ,    -0.7, ,   -11.0, ,     1.8, ,   -12.0, ,     0.4, ,    15.0, ,     4.8, 
 1954,   -19.7, ,    -9.1, ,   -12.1, ,    -1.0, ,     5.3, ,    15.5, ,    15.0, ,    13.8, ,     8.8, ,     3.7, ,    -1.5, ,   -11.1, ,     0.6, ,   -13.3, ,    -2.6, ,    14.8, ,     3.7, 
 1955,   -16.7, ,   -14.3, ,   -12.8, ,     4.8, ,     9.8, ,    15.5, ,    19.1, ,    17.4, ,     9.5, ,     5.4, ,    -5.1, ,   -16.0, ,     1.4, ,   -14.0, ,     0.6, ,    17.3, ,     3.3, 
 1956,   -14.8, ,   -13.0, ,   -12.0, ,    -1.0, ,     4.4, ,    14.6, ,    14.5, ,    13.5, ,     7.2, ,     6.4, ,    -4.0, ,   -15.4, ,     0.0, ,   -14.6, ,    -2.9, ,    14.2, ,     3.2, 
 1957,   -23.5, ,   -13.8, ,    -8.4, ,     0.0, ,     7.6, ,    13.1, ,    16.1, ,    14.1, ,     9.1, ,     4.2, ,    -4.4, ,   -12.1, ,     0.2, ,   -17.6, ,    -0.3, ,    14.4, ,     3.0, 
 1958,   -13.3, ,   -18.0, ,    -5.2, ,     2.2, ,     5.8, ,    10.8, ,    15.3, ,    13.9, ,    10.7, ,     4.8, ,    -3.0, ,   -18.4, ,     0.5, ,   -14.5, ,     0.9, ,    13.3, ,     4.2, 
 1959,   -19.8, ,   -18.1, ,    -9.1, ,    -0.3, ,     9.3, ,    14.3, ,    17.1, ,    16.4, ,    11.1, ,     1.6, ,    -9.7, ,   -10.1, ,     0.2, ,   -18.8, ,     0.0, ,    15.9, ,     1.0, 
 1960,   -13.8, ,   -14.0, ,   -13.9, ,     0.2, ,     8.9, ,    13.1, ,    15.0, ,    15.2, ,     9.8, ,     4.0, ,    -2.6, ,   -16.4, ,     0.5, ,   -12.6, ,    -1.6, ,    14.4, ,     3.7, 
 1961,   -19.7, ,   -13.3, ,    -6.4, ,     0.9, ,     6.2, ,    12.6, ,    16.1, ,    14.7, ,    11.4, ,     4.8, ,    -2.5, ,   -13.2, ,     1.0, ,   -16.5, ,     0.2, ,    14.5, ,     4.6, 
 1962,   -19.6, ,   -19.7, ,    -6.6, ,    -1.6, ,    10.0, ,    13.1, ,    14.8, ,    13.4, ,     8.3, ,     5.0, ,    -2.6, ,   -14.3, ,     0.0, ,   -17.5, ,     0.6, ,    13.8, ,     3.6, 
 1963,   -21.9, ,   -20.1, ,   -11.1, ,     0.7, ,     6.5, ,    14.8, ,    17.0, ,    13.4, ,     8.5, ,     8.4, ,    -1.0, ,   -17.5, ,    -0.2, ,   -18.8, ,    -1.3, ,    15.1, ,     5.3, 
 1964,   -14.1, ,   -15.9, ,   -14.0, ,    -0.3, ,    10.6, ,    12.0, ,    17.4, ,    12.6, ,     8.9, ,     2.5, ,    -4.4, ,   -16.9, ,    -0.1, ,   -15.8, ,    -1.2, ,    14.0, ,     2.3, 
 1965,   -19.1, ,   -18.8, ,   -13.1, ,     0.0, ,     9.3, ,    12.5, ,    12.4, ,    12.5, ,     7.2, ,     3.5, ,    -4.6, ,    -9.1, ,    -0.6, ,   -18.3, ,    -1.3, ,    12.5, ,     2.0, 
 1966,   -20.5, ,   -13.5, ,    -8.3, ,    -1.0, ,     4.8, ,    14.1, ,    16.5, ,    14.1, ,     9.4, ,     3.2, ,    -7.4, ,   -14.2, ,    -0.2, ,   -14.4, ,    -1.5, ,    14.9, ,     1.7, 
 1967,   -17.8, ,   -21.7, ,   -11.1, ,    -0.6, ,     5.0, ,    14.2, ,    15.1, ,    12.8, ,    10.6, ,     3.8, ,    -5.8, ,   -10.7, ,    -0.5, ,   -17.9, ,    -2.2, ,    14.0, ,     2.9, 
 1968,   -17.6, ,   -17.6, ,    -7.5, ,     1.5, ,     8.2, ,    12.1, ,    15.2, ,    14.1, ,    12.6, ,     6.2, ,    -5.1, ,   -13.7, ,     0.7, ,   -15.3, ,     0.7, ,    13.8, ,     4.6, 
 1969,   -13.9, ,   -14.0, ,   -11.8, ,     0.7, ,     7.6, ,    10.3, ,    15.9, ,    16.8, ,     9.1, ,     2.2, ,    -3.5, ,   -11.5, ,     0.7, ,   -13.9, ,    -1.2, ,    14.3, ,     2.6, 
 1970,   -18.9, ,   -20.2, ,   -10.7, ,    -0.2, ,     6.5, ,    14.1, ,    17.1, ,    14.6, ,     9.9, ,     6.8, ,    -4.5, ,   -14.8, ,     0.0, ,   -16.9, ,    -1.5, ,    15.3, ,     4.1, 
 1971,   -21.1, ,   -16.2, ,   -11.7, ,     0.0, ,     6.3, ,    15.0, ,    13.6, ,    13.5, ,    11.6, ,     7.7, ,    -4.4, ,   -10.8, ,     0.3, ,   -17.4, ,    -1.8, ,    14.0, ,     5.0, 
 1972,   -20.0, ,   -19.2, ,   -13.3, ,    -1.9, ,    10.9, ,    12.8, ,    14.3, ,    13.3, ,     7.9, ,     1.7, ,    -4.1, ,   -16.7, ,    -1.2, ,   -16.7, ,    -1.4, ,    13.5, ,     1.8, 
 1973,   -14.7, ,   -17.3, ,    -2.8, ,     1.5, ,     6.9, ,    14.0, ,    15.6, ,    17.2, ,     9.7, ,     6.6, ,    -4.0, ,   -15.2, ,     1.5, ,   -16.2, ,     1.9, ,    15.6, ,     4.1, 
 1974,   -19.3, ,   -19.5, ,   -12.1, ,    -1.3, ,     6.2, ,    12.9, ,    16.4, ,    14.0, ,     6.9, ,     2.2, ,    -3.0, ,    -9.5, ,    -0.5, ,   -18.0, ,    -2.4, ,    14.4, ,     2.0, 
 1975,   -16.1, ,   -14.8, ,   -11.7, ,    -2.8, ,    11.6, ,    15.0, ,    17.3, ,    14.9, ,     7.9, ,     4.2, ,    -4.0, ,   -16.0, ,     0.5, ,   -13.5, ,    -1.0, ,    15.7, ,     2.7, 
 1976,   -22.4, , -9999.9,M, -9999.9,M, -9999.9,M, -9999.9,M, -9999.9,M, -9999.9,M, -9999.9,M, -9999.9,M, -9999.9,M, -9999.9,M, -9999.9,M, -9999.9,M, -9999.9,M, -9999.9,M, -9999.9,M, -9999.9,M
