6122847,GODERICH            ,ONT , station not joined, Monthly mean of homogenized daily mean temperature                     , Deg Celcius,          Updated to December 2019
6122847,GODERICH            ,ONT , station non jointe, Moyenne mensuelle des temperatures quotidiennes moyennes homogeneisees , Deg Celsius, Mise a jour jusqu a decembre 2019
 Year,     Jan, ,     Feb, ,     Mar, ,     Apr, ,     May, ,     Jun, ,     Jul, ,     Aug, ,     Sep, ,     Oct, ,     Nov, ,     Dec, ,  Annual, ,  Winter, ,  Spring, ,  Summer, ,  Autumn
Annee,    Janv, ,     Fev, ,    Mars, ,     Avr, ,     Mai, ,    Juin, ,    Juil, ,    Aout, ,    Sept, ,     Oct, ,     Nov, ,     Dec, ,  Annuel, ,   Hiver, ,Printemp, ,     Ete, , Automne
 1912, -9999.9,M, -9999.9,M,    -7.1, ,     4.9, ,    12.3, ,    15.7, ,    19.5, ,    16.5, ,    16.4, ,    10.0, ,     3.6, ,    -1.6, , -9999.9,M, -9999.9,M,     3.4, ,    17.2, ,    10.0, 
 1913,    -2.7, ,    -7.5, ,    -1.6, ,     5.8, ,    10.8, ,    16.7, ,    19.8, ,    19.4, ,    15.3, ,    10.4, ,     4.4, ,     0.1, ,     7.6, ,    -3.9, ,     5.0, ,    18.6, ,    10.0, 
 1914,    -4.0, ,   -10.7, ,    -2.6, ,     4.4, ,    12.9, ,    16.2, ,    19.2, ,    19.0, ,    15.2, ,    11.3, ,     2.3, ,    -4.3, ,     6.6, ,    -4.9, ,     4.9, ,    18.1, ,     9.6, 
 1915,    -6.3, ,    -3.6, ,    -3.0, ,     8.5, ,     9.5, ,    15.4, ,    18.6, ,    17.1, ,    15.9, ,     9.9, ,     4.1, ,    -3.7, ,     6.9, ,    -4.7, ,     5.0, ,    17.0, ,    10.0, 
 1916,    -2.5, ,    -8.6, ,    -6.1, ,     5.4, ,    10.9, ,    15.0, ,    23.0, ,    21.1, ,    16.0, ,     9.0, ,     2.7, ,    -3.3, ,     6.9, ,    -4.9, ,     3.4, ,    19.7, ,     9.2, 
 1917, -9999.9,M,   -10.5, ,    -1.9, ,     3.7, ,     7.4, ,    15.1, ,    19.5, ,    18.2, ,    13.9, ,     5.9, ,     0.0, ,    -7.2, , -9999.9,M, -9999.9,M,     3.1, ,    17.6, ,     6.6, 
 1918,   -12.6, ,    -8.7, ,    -0.6, ,     5.3, ,    13.1, ,    15.3, ,    18.4, ,    20.6, ,    11.7, ,    10.0, ,     4.7, ,    -0.3, ,     6.4, ,    -9.5, ,     5.9, ,    18.1, ,     8.8, 
 1919,    -2.6, ,    -3.9, ,    -0.2, ,     4.7, ,    10.8, ,    21.8, ,    20.9, ,    18.7, ,    15.7, ,    10.8, ,     2.5, ,    -6.6, ,     7.7, ,    -2.3, ,     5.1, ,    20.5, ,     9.7, 
 1920,   -10.7, ,   -10.1, ,    -1.4, ,     3.5, ,    10.7, ,    17.6, , -9999.9,M, -9999.9,M, -9999.9,M,    12.6, , -9999.9,M,    -0.8, , -9999.9,M,    -9.1, ,     4.3, , -9999.9,M, -9999.9,M
 1921,    -4.0, ,    -4.3, ,     2.4, ,    10.3, ,    13.5, , -9999.9,M,    24.2, ,    19.8, ,    18.5, ,     9.6, ,     2.1, ,    -2.5, , -9999.9,M,    -3.0, ,     8.7, , -9999.9,M,    10.1, 
 1922,    -6.6, ,    -4.5, ,    -0.4, ,     5.7, ,    15.0, ,    17.4, ,    19.1, ,    18.1, ,    15.7, ,     9.5, ,     4.2, ,    -3.0, ,     7.5, ,    -4.5, ,     6.8, ,    18.2, ,     9.8, 
 1923,    -5.6, ,    -9.4, ,    -4.5, ,     2.9, ,    10.4, ,    18.9, ,    19.6, ,    18.0, ,    15.6, ,     8.4, ,     2.8, ,     1.5, ,     6.6, ,    -6.0, ,     2.9, ,    18.8, ,     8.9, 
 1924,    -6.8, ,    -7.6, ,    -2.0, ,     4.6, ,     8.8, ,    16.5, ,    18.1, ,    17.8, ,    13.2, ,    10.2, ,     3.1, ,    -5.2, ,     5.9, ,    -4.3, ,     3.8, ,    17.5, ,     8.8, 
 1925,    -8.1, ,    -4.6, ,    -0.9, ,     6.3, ,     9.3, , -9999.9,M, -9999.9,M,    19.5, ,    15.8, ,     5.5, ,     1.6, ,    -3.7, , -9999.9,M,    -6.0, ,     4.9, , -9999.9,M,     7.6, 
 1926,    -5.3, ,    -6.1, ,    -5.7, ,     0.6, ,     9.8, ,    14.6, ,    18.9, ,    19.0, ,    14.9, ,     8.0, ,     2.0, ,    -5.2, ,     5.5, ,    -5.0, ,     1.6, ,    17.5, ,     8.3, 
 1927,    -7.1, ,    -3.6, ,     0.7, ,     5.7, ,    10.8, ,    14.6, ,    19.2, ,    16.8, ,    17.1, ,    11.4, ,     4.3, ,    -2.6, ,     7.3, ,    -5.3, ,     5.7, ,    16.9, ,    10.9, 
 1928,    -5.1, ,    -6.1, ,    -2.6, ,     3.8, ,    10.4, ,    15.9, ,    20.1, ,    20.2, ,    13.9, ,    10.6, ,     3.7, ,    -0.4, ,     7.0, ,    -4.6, ,     3.9, ,    18.7, ,     9.4, 
 1929,    -6.3, ,    -8.2, ,     1.1, ,     6.7, ,    10.0, ,    15.8, ,    19.3, ,    17.8, ,    17.3, ,     8.4, ,     2.5, ,    -4.4, ,     6.7, ,    -5.0, ,     5.9, ,    17.6, ,     9.4, 
 1930,    -6.5, ,    -3.4, ,    -1.8, ,     5.2, ,    13.3, ,    18.4, ,    19.3, ,    19.1, ,    17.4, ,     8.2, ,     4.2, ,    -2.8, ,     7.6, ,    -4.8, ,     5.6, ,    18.9, ,     9.9, 
 1931, -9999.9,M, -9999.9,M, -9999.9,M, -9999.9,M,    12.1, ,    17.4, ,    22.0, ,    19.8, ,    17.9, ,    11.2, ,     7.4, ,     0.3, , -9999.9,M, -9999.9,M, -9999.9,M,    19.7, ,    12.2, 
 1932,     0.9, ,    -1.5, ,    -2.8, ,     3.7, ,    12.5, ,    17.5, ,    18.9, ,    19.5, ,    15.2, ,    10.1, ,     0.9, ,    -1.9, ,     7.8, ,    -0.1, ,     4.5, ,    18.6, ,     8.7, 
 1933,     0.0, ,    -4.5, ,    -1.7, ,     6.7, ,    12.5, ,    19.1, ,    21.4, ,    19.5, ,    17.4, ,     9.4, ,     0.4, ,    -3.4, ,     8.1, ,    -2.1, ,     5.8, ,    20.0, ,     9.1, 
 1934,    -3.2, ,   -13.4, ,    -4.3, ,     4.3, ,    12.8, ,    18.8, ,    20.1, ,    17.1, ,    17.1, ,     9.0, ,     5.4, ,    -3.7, ,     6.7, ,    -6.7, ,     4.3, ,    18.7, ,    10.5, 
 1935,    -5.7, ,    -5.9, , -9999.9,M, -9999.9,M, -9999.9,M, -9999.9,M,    22.1, ,    19.9, ,    13.9, ,     9.3, ,     4.2, ,    -4.7, , -9999.9,M,    -5.1, , -9999.9,M, -9999.9,M,     9.1, 
 1936,    -6.0, ,   -10.7, ,     0.9, ,     2.8, ,    13.1, ,    15.7, ,    20.0, ,    19.4, ,    15.6, ,     8.5, ,     0.3, ,    -1.6, ,     6.5, ,    -7.1, ,     5.6, ,    18.4, ,     8.1, 
 1937,    -2.7, ,    -3.9, ,    -3.6, ,     4.6, ,    11.5, ,    16.3, ,    20.2, ,    20.5, ,    14.0, ,     7.3, ,     2.5, ,    -3.7, ,     6.9, ,    -2.7, ,     4.2, ,    19.0, ,     7.9, 
 1938,    -6.0, ,    -3.3, ,     1.9, ,     6.1, ,    11.6, ,    16.6, ,    20.3, ,    20.9, ,    13.1, ,     9.8, ,     4.1, ,    -2.2, ,     7.7, ,    -4.3, ,     6.5, ,    19.3, ,     9.0, 
 1939,    -4.8, ,    -5.2, ,    -3.0, ,     3.7, ,    12.3, ,    17.4, ,    19.8, ,    20.0, ,    15.0, ,     9.0, ,     1.4, ,    -1.3, ,     7.0, ,    -4.1, ,     4.3, ,    19.1, ,     8.5, 
 1940,    -8.7, ,    -5.3, ,    -4.7, ,     2.9, ,    10.6, ,    16.1, ,    19.0, ,    18.5, ,    14.2, ,     7.7, ,     2.3, ,    -2.7, ,     5.8, ,    -5.1, ,     2.9, ,    17.9, ,     8.1, 
 1941,    -5.8, ,    -6.7, ,    -5.1, ,     7.9, ,    12.3, ,    17.7, ,    20.0, ,    17.3, ,    16.2, ,    10.0, ,     4.1, ,    -0.7, ,     7.3, ,    -5.1, ,     5.0, ,    18.3, ,    10.1, 
 1942,    -6.0, ,    -7.0, ,     0.6, ,     7.6, ,    11.7, ,    16.7, ,    18.6, ,    18.5, ,    13.3, ,     8.4, ,     2.2, ,    -5.3, ,     6.6, ,    -4.6, ,     6.6, ,    17.9, ,     8.0, 
 1943,    -8.3, ,    -5.7, ,    -3.3, ,     1.2, ,    10.1, ,    17.9, ,    18.8, ,    18.4, ,    13.2, ,     6.8, ,     1.5, ,    -4.2, ,     5.5, ,    -6.4, ,     2.7, ,    18.4, ,     7.2, 
 1944,    -3.2, ,    -5.0, ,    -3.4, ,     2.8, ,    13.9, ,    17.5, ,    18.6, ,    19.4, ,    15.1, ,     8.3, ,     3.1, ,    -4.8, ,     6.9, ,    -4.1, ,     4.4, ,    18.5, ,     8.8, 
 1945,   -10.1, ,    -5.5, ,     4.5, ,     7.0, ,     8.0, ,    14.3, ,    18.5, ,    17.6, ,    14.6, ,     7.5, ,     3.3, ,    -5.6, ,     6.2, ,    -6.8, ,     6.5, ,    16.8, ,     8.5, 
 1946,    -4.9, ,    -6.7, ,     4.6, ,     4.3, ,    10.1, , -9999.9,M,    18.4, ,    16.5, ,    15.5, ,    10.9, ,     4.5, ,    -2.7, , -9999.9,M,    -5.7, ,     6.3, , -9999.9,M,    10.3, 
 1947,    -4.4, ,    -8.1, ,    -4.2, ,     2.9, ,     8.4, ,    15.5, ,    17.9, ,    21.1, ,    15.3, ,    12.0, ,     1.0, ,    -4.4, ,     6.1, ,    -5.1, ,     2.4, ,    18.2, ,     9.4, 
 1948,    -9.0, ,    -8.0, ,    -2.9, ,     6.8, ,     8.9, ,    14.7, ,    19.1, ,    18.6, ,    15.6, ,     7.5, ,     5.1, ,    -2.7, ,     6.1, ,    -7.1, ,     4.3, ,    17.5, ,     9.4, 
 1949,    -3.5, ,    -4.4, ,    -2.2, ,     4.1, ,    11.6, ,    19.0, ,    20.4, ,    19.0, ,    12.8, ,    10.7, ,     0.2, ,    -2.8, ,     7.1, ,    -3.5, ,     4.5, ,    19.5, ,     7.9, 
 1950,    -2.8, ,    -6.8, ,    -5.2, ,     0.7, ,    10.1, ,    15.9, ,    18.8, ,    18.0, ,    14.1, ,    11.2, ,     1.8, ,    -3.5, ,     6.0, ,    -4.1, ,     1.9, ,    17.6, ,     9.0, 
 1951,    -5.0, ,    -4.4, ,     0.3, ,     5.9, ,    12.6, ,    16.7, ,    19.7, ,    17.4, ,    14.7, ,    10.5, ,    -0.3, ,    -2.5, ,     7.1, ,    -4.3, ,     6.3, ,    17.9, ,     8.3, 
 1952,    -3.2, ,    -3.7, ,    -1.2, ,     7.0, ,    10.3, ,    18.0, ,    21.8, ,    18.7, ,    16.1, ,     6.6, ,     4.8, ,    -0.1, ,     7.9, ,    -3.1, ,     5.4, ,    19.5, ,     9.2, 
 1953,    -2.9, ,    -2.3, ,     0.4, ,     4.5, , -9999.9,M,    17.1, ,    19.6, ,    19.9, ,    16.2, ,    10.3, , -9999.9,M,    -0.4, , -9999.9,M,    -1.8, , -9999.9,M,    18.9, , -9999.9,M
 1954,    -6.5, ,    -1.5, , -9999.9,M,     6.6, ,     9.5, ,    18.3, ,    17.5, ,    17.6, ,    14.8, ,     9.9, ,     3.9, ,    -3.4, , -9999.9,M,    -2.8, , -9999.9,M,    17.8, ,     9.5, 
 1955,    -4.8, ,    -5.0, ,    -1.4, ,     8.7, ,    12.6, ,    17.0, ,    22.2, ,    21.8, ,    15.8, ,    10.6, ,     2.0, ,    -4.6, ,     7.9, ,    -4.4, ,     6.6, ,    20.3, ,     9.5, 
 1956,    -5.3, ,    -4.3, ,    -2.9, ,     3.9, ,     9.4, ,    16.9, ,    18.8, ,    18.5, ,    12.9, ,    10.9, ,     4.0, ,    -1.2, ,     6.8, ,    -4.7, ,     3.5, ,    18.1, ,     9.3, 
 1957,    -8.5, ,    -3.8, ,    -0.9, ,     7.4, ,    10.3, ,    17.7, ,    18.7, , -9999.9,M,    14.8, ,     8.1, ,     3.4, ,    -0.6, , -9999.9,M,    -4.5, ,     5.6, , -9999.9,M,     8.8, 
 1958, -9999.9,M,    -8.5, , -9999.9,M,     6.9, ,     9.9, ,    13.7, ,    19.2, ,    17.7, ,    14.6, ,     8.9, ,     3.7, ,    -7.6, , -9999.9,M, -9999.9,M, -9999.9,M,    16.9, ,     9.1, 
 1959,    -8.3, ,    -7.4, ,    -3.2, ,     5.3, ,    12.8, ,    16.7, ,    19.7, ,    21.5, ,    17.1, ,     8.5, ,     0.3, ,    -1.7, ,     6.8, ,    -7.8, ,     5.0, ,    19.3, ,     8.6, 
 1960,    -4.9, ,    -5.0, ,    -6.7, , -9999.9,M,    11.0, ,    15.5, ,    17.5, ,    18.2, ,    15.7, ,     9.0, ,     4.0, , -9999.9,M, -9999.9,M,    -3.9, , -9999.9,M,    17.1, ,     9.6, 
 1961,    -8.9, ,    -4.7, ,    -0.4, ,     4.2, ,    10.2, ,    16.9, ,    20.2, ,    19.5, ,    18.7, ,    11.6, ,     4.2, , -9999.9,M, -9999.9,M, -9999.9,M,     4.7, ,    18.9, ,    11.5, 
 1962, -9999.9,M,    -7.8, ,    -0.5, ,     6.3, ,    15.4, ,    17.7, ,    18.8, ,    19.6, ,    14.7, ,    10.8, ,     3.3, , -9999.9,M, -9999.9,M, -9999.9,M,     7.1, ,    18.7, ,     9.6, 
 1963, -9999.9,M, -9999.9,M, -9999.9,M, -9999.9,M, -9999.9,M,    18.2, , -9999.9,M, -9999.9,M, -9999.9,M, -9999.9,M, -9999.9,M,    -5.2, , -9999.9,M, -9999.9,M, -9999.9,M, -9999.9,M, -9999.9,M
 1964,    -3.2, ,    -3.7, ,     0.5, ,     7.0, , -9999.9,M,    17.7, ,    21.6, ,    17.7, ,    15.4, ,     8.5, ,     5.5, ,    -2.8, , -9999.9,M,    -4.0, , -9999.9,M,    19.0, ,     9.8, 
 1965,    -6.0, ,    -5.5, ,    -2.7, ,     3.1, ,    13.4, ,    16.5, ,    17.7, ,    18.7, ,    16.7, ,     8.8, ,     3.9, ,    -0.2, ,     7.0, ,    -4.8, ,     4.6, ,    17.6, ,     9.8, 
 1966,    -6.8, ,    -4.0, ,     0.7, ,     4.7, ,     8.6, ,    18.4, ,    21.6, ,    19.4, ,    15.3, ,     8.9, , -9999.9,M,    -2.5, , -9999.9,M,    -3.7, ,     4.7, ,    19.8, , -9999.9,M
 1967,    -2.4, ,    -7.7, ,    -1.5, ,     6.0, ,     8.7, ,    20.3, ,    18.5, ,    17.6, ,    14.4, , -9999.9,M,     1.7, ,    -0.9, , -9999.9,M,    -4.2, ,     4.4, ,    18.8, , -9999.9,M
 1968,    -7.1, ,    -7.5, ,     0.6, ,     7.9, ,    10.3, ,    16.9, ,    19.4, ,    19.6, ,    17.8, ,    11.4, ,     3.7, ,    -3.8, ,     7.4, ,    -5.2, ,     6.3, ,    18.6, ,    11.0, 
 1969,    -4.5, ,    -4.7, ,    -1.7, ,     6.7, ,    11.3, ,    15.5, ,    20.2, ,    20.9, ,    17.0, ,     9.3, ,     3.0, ,    -3.9, ,     7.4, ,    -4.3, ,     5.4, ,    18.9, ,     9.8, 
 1970,    -8.0, ,    -6.3, ,    -2.9, ,     7.3, ,    13.5, ,    17.3, ,    20.5, ,    20.1, ,    16.8, , -9999.9,M,     5.2,E,    -2.9, , -9999.9,M,    -6.1, ,     6.0, ,    19.3, , -9999.9,M
 1971, -9999.9,M, -9999.9,M, -9999.9,M, -9999.9,M, -9999.9,M,    18.7, ,    18.6, ,    18.3, ,    17.7, ,    14.5, ,     3.8, ,     0.2, , -9999.9,M, -9999.9,M, -9999.9,M,    18.5, ,    12.0, 
 1972,    -4.7, ,    -6.7, ,    -3.0, ,     2.7, ,    13.0, ,    14.1, ,    19.1, ,    18.2, ,    15.2, ,     7.7, ,     2.6, ,    -1.7, ,     6.4, ,    -3.7, ,     4.2, ,    17.1, ,     8.5, 
 1973,    -3.2, ,    -6.4, ,     3.9, ,     6.8, ,    10.4, ,    18.5, ,    20.5, ,    21.0, ,    16.0, ,    12.2, ,     4.0, ,    -2.9, ,     8.4, ,    -3.8, ,     7.0, ,    20.0, ,    10.7, 
 1974,    -3.8, ,    -6.7, ,    -1.1, ,     6.6, ,     9.4, ,    16.8, ,    19.2, ,    19.5, ,    14.1, ,     8.1, ,     3.8, ,    -0.9, ,     7.1, ,    -4.5, ,     5.0, ,    18.5, ,     8.7, 
 1975,    -2.6, ,    -3.5, ,    -2.0, ,     2.6, ,    15.0, ,    18.3, ,    20.3, ,    19.4, ,    13.4, ,    11.2, ,     7.6, ,    -2.5, ,     8.1, ,    -2.3, ,     5.2, ,    19.3, ,    10.7, 
 1976,    -7.5, ,    -2.1, ,     1.5, ,     7.0, ,    10.3, ,    18.7, ,    18.3, ,    18.2, ,    14.8, ,     7.5, ,     1.0, ,    -5.9, ,     6.8, ,    -4.0, ,     6.3, ,    18.4, ,     7.8, 
 1977,   -10.8, ,    -6.7, ,     2.2, ,     7.0, ,    13.4, ,    15.0, ,    20.3, ,    18.0, ,    15.2, ,     8.6, ,     4.7, ,    -2.8, ,     7.0, ,    -7.8, ,     7.5, ,    17.8, ,     9.5, 
 1978,    -7.1, ,   -10.3, ,    -4.6, ,     4.0, ,    12.9, ,    15.6, ,    18.7, ,    19.2, ,    15.6, ,     9.0, ,     3.8, ,    -1.9, ,     6.2, ,    -6.7, ,     4.1, ,    17.8, ,     9.5, 
 1979,    -7.2, ,   -11.0, ,     1.5, ,     4.2, ,    11.7, ,    16.9, ,    18.5, ,    18.1, ,    15.4, ,     9.6,E,     4.5, ,    -0.1, ,     6.8,E,    -6.7, ,     5.8, ,    17.8, ,     9.8,E
 1980,    -4.3, ,    -7.2, ,    -2.4, ,     5.5, ,    11.9, ,    14.5, ,    18.9, ,    20.9, ,    15.5, ,     7.4, ,     2.9, ,    -4.9, ,     6.6, ,    -3.9, ,     5.0, ,    18.1, ,     8.6, 
 1981,    -8.8, ,    -3.2, ,    -0.2, ,     7.8,E,    12.6, ,    18.4, ,    20.9, ,    19.8,E,    15.1, ,     7.1, ,     4.3, ,    -2.7, ,     7.6,E,    -5.6, ,     6.7,E,    19.7,E,     8.8, 
 1982,    -9.5,E,    -7.2, ,    -1.1, ,     4.7,E,    16.0, ,    16.2, ,    21.0,E,    17.9, ,    15.2, ,    10.7, ,     4.9,E,     1.8, ,     7.6,E,    -6.5,E,     6.5,E,    18.4,E,    10.3,E
 1983,    -3.2, ,    -1.7,E,     1.8,E,     5.3, ,    10.6, ,    18.8, ,    22.4, ,    21.0, ,    17.2, ,    10.2, ,     4.2,E,    -6.0, ,     8.4,E,    -1.0,E,     5.9,E,    20.7, ,    10.5,E
 1984,    -8.9, ,    -0.7, ,    -3.8, ,     7.7,E,    10.8,E,    19.2, ,    20.0, ,    20.8, ,    15.0,E,    11.4, ,     3.5, ,     0.3,E,     7.9,E,    -5.2, ,     4.9,E,    20.0, ,    10.0,E
 1985,    -6.9,E,    -5.9, ,     1.1, ,    10.1, ,    15.0, ,    15.9, ,    20.2, ,    19.3, ,    17.1, ,    10.7, ,     4.0, ,    -5.3,E,     7.9,E,    -4.2,E,     8.7, ,    18.5, ,    10.6, 
 1986,    -5.5,E,    -5.8, ,     1.2,E,     8.4, ,    14.8, ,    17.6,E,    20.8, ,    18.6,E,    15.9,E,     9.8,E,     1.7, ,    -1.6,E,     8.0,E,    -5.5,E,     8.1,E,    19.0,E,     9.1,E
 1987,    -4.7, ,    -5.0,E,     1.8, ,     9.2, ,    15.4, ,    19.8,E,    23.1, ,    19.5,E,    16.6, ,     7.5, ,     4.6, ,     0.1, ,     9.0,E,    -3.8,E,     8.8, ,    20.8,E,     9.6, 
 1988, -9999.9,M,    -6.2, ,     0.0, ,     6.9, ,    15.0,E,    18.4,E,    22.8, ,    21.9, ,    16.1, ,     7.0, ,     4.9, ,    -2.8, , -9999.9,M, -9999.9,M,     7.3,E,    21.0,E,     9.3, 
 1989,    -2.3, ,    -6.5,E,    -0.9, ,     5.2,E,    13.4, ,    18.7, ,    21.8, ,    20.0, ,    15.8, ,    10.7, ,     1.9, ,    -9.2,E,     7.4,E,    -3.9,E,     5.9,E,    20.2, ,     9.5, 
 1990,    -1.1, ,    -3.0, ,     2.2, ,     8.7, ,    12.0,E,    18.3, ,    20.4, ,    19.8, ,    15.7, ,     9.7, ,     5.1, ,    -1.0, ,     8.9,E,    -4.4,E,     7.6,E,    19.5, ,    10.2, 
 1991,    -5.5, ,    -2.1,E,     1.7,E,     9.5,E,    17.9,E,    20.6,E,    20.7,E,    20.9, ,    15.7, ,    11.2, ,     2.7, ,    -1.7,E,     9.3,E,    -2.9,E,     9.7,E,    20.7,E,     9.9, 
 1992,    -3.3, ,    -2.9,E,    -0.4,E,     5.9,E,    13.8,E,    16.3, ,    18.7,E,    18.0,E,    16.0, ,     8.1,E,     3.7,E,    -0.6,E,     7.8,E,    -2.6,E,     6.4,E,    17.7,E,     9.3,E
 1993,    -3.0, ,    -7.2, ,    -1.1, ,     6.9,E,    12.7, ,    17.8, ,    21.1, ,    20.5, ,    13.4, ,     8.5, ,     2.9, ,    -2.5, ,     7.5,E,    -3.6,E,     6.2,E,    19.8, ,     8.3, 
 1994,   -11.2, ,    -8.3, ,    -0.5, ,     8.3,E,    11.2, ,    19.1,E,    20.4,E,    16.6, ,    15.2,E,    10.4, ,     5.5,E,     0.2,E,     7.2,E,    -7.3, ,     6.3,E,    18.7,E,    10.4,E
 1995,    -2.6,E,    -7.2,E,     0.4, ,     3.4,E,    11.1,E,    18.4, ,    19.7, ,    21.0, ,    12.7, ,    11.1, ,     1.1,E,    -4.6,E,     7.0,E,    -3.2,E,     5.0,E,    19.7, ,     8.3,E
 1996,    -6.0, ,    -5.3, ,    -2.7,E,     3.5, ,    10.8, , -9999.9,M,    18.1, ,    18.5, ,    15.4,E,     9.7,E,     0.9, ,    -0.8, , -9999.9,M,    -5.3,E,     3.9,E, -9999.9,M,     8.7,E
 1997,    -5.3, ,    -3.9,E,    -0.8,E,     4.1, ,     8.0, ,    17.5, ,    18.6, ,    16.5, ,    14.9, ,     9.5, ,     2.6, ,    -1.0, ,     6.7,E,    -3.3,E,     3.8,E,    17.5, ,     9.0, 
 1998,    -1.5, ,    -0.3, ,     1.4, ,     6.3, ,    15.3, ,    17.0, ,    18.8, ,    19.4, ,    16.9, ,    10.6, ,     5.0, ,     1.3, ,     9.2, ,    -0.9, ,     7.7, ,    18.4, ,    10.8, 
 1999,    -5.6, ,    -1.2, ,    -0.6, ,     7.0, ,    14.2, ,    18.9, ,    21.1, ,    18.0, ,    16.5, ,     9.2, ,     5.8, ,    -0.5, ,     8.6, ,    -1.8, ,     6.9, ,    19.3, ,    10.5, 
 2000,    -5.0, ,    -1.9, ,     3.2, ,     5.2, ,    13.2, ,    17.3, ,    18.3, ,    18.0, ,    14.6, ,    10.7, ,     4.0, ,    -6.0, ,     7.6, ,    -2.5, ,     7.2, ,    17.9, ,     9.8, 
 2001,    -3.5, ,    -3.3, ,    -0.7, ,     7.0, ,    13.8, ,    17.8, ,    19.5, ,    20.3, ,    15.0, ,    10.4,E,     7.5, ,     1.7, ,     8.8,E,    -4.3, ,     6.7, ,    19.2, ,    11.0,E
 2002,    -0.4, ,    -1.4, ,    -0.3, ,     7.0, ,     9.7, ,    18.1,E,    21.0, ,    19.8, ,    18.7, ,     8.8, ,     3.2, ,    -1.4, ,     8.6,E,     0.0, ,     5.5, ,    19.6,E,    10.2, 
 2003,    -7.1, ,    -7.7, ,    -1.3, ,     4.5, ,    11.0, ,    16.3, ,    19.6, ,    19.4, ,    16.2, ,     9.4, ,     5.5, ,    -0.1, ,     7.1, ,    -5.4, ,     4.7, ,    18.4, ,    10.4, 
 2004,    -7.7, ,    -3.9, ,     1.6, ,     6.1, , -9999.9,M,    16.2, ,    18.5, ,    17.3, ,    16.3,E,    10.8, ,     4.8, ,    -2.4, , -9999.9,M,    -3.9, , -9999.9,M,    17.3, ,    10.6,E
 2005,    -6.3, ,    -4.2, ,    -4.0, ,     7.0, ,    10.7, ,    20.7, ,    20.2, ,    20.1, ,    17.6, ,    11.3, ,     5.6,E,    -3.1, ,     8.0,E,    -4.3, ,     4.6, ,    20.3, ,    11.5,E
 2006,     0.0, ,    -4.1, ,     0.4, ,     7.5, ,    13.4, ,    16.7, ,    20.9, ,    18.4, ,    14.5, ,     8.3, ,     5.7, ,     2.2, ,     8.7, ,    -2.4, ,     7.1, ,    18.7, ,     9.5, 
 2007,    -2.5, ,    -7.9, ,     0.8,E,     4.4, ,    13.1, ,    18.0, ,    18.6, ,    19.5, ,    17.0, ,    14.2,E,     3.0, ,    -2.0, ,     8.0,E,    -2.7, ,     6.1,E,    18.7, ,    11.4,E
 2008,    -1.9, ,    -5.7, ,    -2.5, ,     8.7, ,     9.9, ,    18.1, ,    19.4, ,    18.1, ,    16.0, ,     9.3,E,     3.4, ,    -2.9, ,     7.5,E,    -3.2, ,     5.4, ,    18.5, ,     9.6,E
 2009,    -8.0, ,    -4.2, ,     0.0, ,     6.7, ,    11.5, ,    14.9, ,    17.4, ,    18.6, ,    15.1, ,     8.6, ,     6.6, ,    -2.2,E,     7.1,E,    -5.0, ,     6.1, ,    17.0, ,    10.1, 
 2010,    -4.8, ,    -4.2, ,     2.1, ,     8.7, ,    13.8, ,    17.1,E,    20.9, ,    21.3, ,    15.6, ,    10.2, ,     4.5, ,    -3.3, ,     8.5,E,    -3.7,E,     8.2, ,    19.8,E,    10.1, 
 2011,    -7.0, ,    -5.5, ,    -2.3, ,     5.9, ,    13.0, ,    16.6, ,    21.2, ,    19.6, ,    16.0, ,    10.7, ,     6.6, ,     0.9, ,     8.0, ,    -5.3, ,     5.5, ,    19.1, ,    11.1, 
 2012,    -1.8, ,    -1.0, ,     6.6, ,     5.1, ,    14.1, ,    18.5, ,    21.0, ,    20.1, ,    15.6, ,    10.6, ,     3.6, ,     1.2, ,     9.5, ,    -0.6, ,     8.6, ,    19.9, ,     9.9, 
 2013,    -2.4,E,    -4.7, ,    -0.9, ,     5.5, ,    13.6, , -9999.9,M,    20.3, ,    18.3,E,    15.1, ,    11.6, ,     2.7, ,    -4.3,E, -9999.9,M,    -2.0,E,     6.1, , -9999.9,M,     9.8, 
 2014,    -8.1, ,    -9.9, ,    -5.6, ,     5.6, ,    12.0,E,    18.3, ,    17.8, ,    18.3,E,    15.3, ,    10.2, ,     2.2, ,    -0.1, ,     6.3,E,    -7.4,E,     4.0,E,    18.1,E,     9.2, 
 2015,    -8.0,E,   -12.9, ,    -3.2, ,     5.5, ,    13.5, ,    16.2, ,    18.4, ,    19.1,E,    18.7, ,     9.5, ,     7.1,E,     3.8, ,     7.3,E,    -7.0,E,     5.3, ,    17.9,E,    11.8,E
 2016,    -3.2,E,    -2.3, ,     1.9, ,     4.4,E,    12.7, ,    16.8, ,    20.6, ,    21.1, ,    17.9, ,    11.5, ,     6.9, ,    -1.2, ,     8.9,E,    -0.6,E,     6.3,E,    19.5, ,    12.1, 
 2017,    -1.6, ,     0.0, ,    -0.9, ,     8.3, ,    11.2, ,    18.1, ,    19.3, ,    18.5, ,    16.9, ,    12.7, ,     3.3, ,    -3.7, ,     8.5, ,    -0.9, ,     6.2, ,    18.6, ,    11.0, 
 2018,    -4.7, ,    -2.7, ,    -1.2, ,     2.2, ,    15.2, ,    17.6, ,    20.3, ,    20.8, ,    16.9, ,     9.0, ,     1.5, ,     0.3, ,     7.9, ,    -3.7, ,     5.4, ,    19.6, ,     9.1, 
 2019,    -6.0, ,    -4.2, ,    -1.7, ,     5.3, ,    10.2, ,    15.8, ,    20.3, ,    19.2, ,    16.6, ,     9.9, ,     1.1, ,     0.0, ,     7.2, ,    -3.3, ,     4.6, ,    18.4, ,     9.2, 
