6135583,NEW_GLASGOW         ,ONT , station not joined, Monthly mean of homogenized daily mean temperature                     , Deg Celcius,          Updated to December 2019
6135583,NEW_GLASGOW         ,ONT , station non jointe, Moyenne mensuelle des temperatures quotidiennes moyennes homogeneisees , Deg Celsius, Mise a jour jusqu a decembre 2019
 Year,     Jan, ,     Feb, ,     Mar, ,     Apr, ,     May, ,     Jun, ,     Jul, ,     Aug, ,     Sep, ,     Oct, ,     Nov, ,     Dec, ,  Annual, ,  Winter, ,  Spring, ,  Summer, ,  Autumn
Annee,    Janv, ,     Fev, ,    Mars, ,     Avr, ,     Mai, ,    Juin, ,    Juil, ,    Aout, ,    Sept, ,     Oct, ,     Nov, ,     Dec, ,  Annuel, ,   Hiver, ,Printemp, ,     Ete, , Automne
 1957, -9999.9,M, -9999.9,M, -9999.9,M, -9999.9,M, -9999.9,M, -9999.9,M,    20.5, ,    19.1, ,    16.3, ,    10.0, ,     4.5, ,     0.1, , -9999.9,M, -9999.9,M, -9999.9,M, -9999.9,M,    10.3, 
 1958,    -3.7, ,    -6.3, ,     1.6, ,     7.4, ,    12.2, ,    16.0, ,    20.8, ,    19.3, ,    16.6, ,    11.5, ,     4.9, ,    -6.3, ,     7.8, ,    -3.3, ,     7.1, ,    18.7, ,    11.0, 
 1959,    -6.8, ,    -4.3, ,     0.0, ,     7.4, ,    13.7, ,    18.6, ,    20.9, ,    22.3, ,    18.4, ,    10.6, ,     2.2, ,     0.3, ,     8.6, ,    -5.8, ,     7.0, ,    20.6, ,    10.4, 
 1960,    -2.6, ,    -3.4, ,    -5.1, ,     7.3, ,    12.2, ,    17.2, ,    19.5, ,    20.3, ,    17.8, ,    10.2, ,     5.3, ,    -4.9, ,     7.8, ,    -1.9, ,     4.8, ,    19.0, ,    11.1, 
 1961,    -6.6, ,    -2.4, ,     1.7, ,     4.2, ,    10.8, ,    17.1, ,    20.7, ,    20.3, ,    19.6, ,    12.6, ,     4.8, ,    -1.9, ,     8.4, ,    -4.6, ,     5.6, ,    19.4, ,    12.3, 
 1962,    -6.2, ,    -5.5, ,     0.1, ,     7.1, ,    15.5, ,    18.6, ,    19.6, ,    19.9, ,    15.3, ,    11.2, ,     3.8, ,    -4.4, ,     7.9, ,    -4.5, ,     7.6, ,    19.4, ,    10.1, 
 1963,    -8.8, ,    -8.2, ,     1.2, ,     7.1, ,    11.7, ,    18.2, ,    20.9, ,    18.6, ,    14.9, ,    13.4, ,     6.5, ,    -5.5, ,     7.5, ,    -7.1, ,     6.7, ,    19.2, ,    11.6, 
 1964,    -2.9, ,    -3.4, ,     0.5, ,     6.4, ,    14.2, ,    18.2, ,    21.5, ,    18.4, ,    16.0, ,     9.2, ,     5.7, ,    -1.5, ,     8.5, ,    -3.9, ,     7.0, ,    19.4, ,    10.3, 
 1965,    -4.9, ,    -4.2, ,    -1.9, ,     4.7, ,    13.7, ,    17.3, ,    18.7, ,    19.0, ,    17.3, ,     9.4, ,     4.4, ,     1.0, ,     7.9, ,    -3.5, ,     5.5, ,    18.3, ,    10.4, 
 1966,    -6.5, ,    -4.0, ,     1.6, ,     5.4, ,    10.1, ,    18.9, ,    21.6, ,    19.6, ,    15.5, ,     9.7, ,     4.8, ,    -2.2, ,     7.9, ,    -3.2, ,     5.7, ,    20.0, ,    10.0, 
 1967,    -1.7, ,    -6.4, ,     0.0, ,     6.7, ,     9.4, ,    20.2, ,    19.5, ,    18.3, ,    14.6, ,    10.2, ,     2.0, ,    -0.5, ,     7.7, ,    -3.4, ,     5.4, ,    19.3, ,     8.9, 
 1968,    -6.5, ,    -6.5, ,     1.7, ,     7.9, ,    10.7, ,    17.4, ,    20.2, ,    20.4, ,    18.1, ,    11.6, ,     4.3, ,    -2.7, ,     8.1, ,    -4.5, ,     6.8, ,    19.3, ,    11.3, 
 1969,    -4.6, ,    -3.6, ,    -0.3, ,     7.1, ,    12.2, ,    16.0, ,    20.7, ,    21.5, ,    17.0, ,    10.3, ,     3.9, ,    -3.5, ,     8.1, ,    -3.6, ,     6.3, ,    19.4, ,    10.4, 
 1970,    -8.7, ,    -4.8, ,    -0.9, ,     7.3, ,    13.5, ,    18.2, ,    20.9, ,    21.0, ,    17.3, ,    12.4, ,     5.4, ,    -1.7, ,     8.3, ,    -5.7, ,     6.6, ,    20.0, ,    11.7, 
 1971,    -6.7, ,    -3.2, ,    -1.0, ,     5.0, ,    11.8, ,    19.0, ,    20.4, ,    19.7, ,    18.3, ,    14.6, ,     4.1, ,     1.3, ,     8.6, ,    -3.9, ,     5.3, ,    19.7, ,    12.3, 
 1972,    -4.6, ,    -5.3, ,    -1.8, ,     5.0, ,    13.7, ,    15.4, ,    20.3, ,    19.3, ,    17.2, ,     8.5, ,     3.1, ,    -0.6, ,     7.5, ,    -2.9, ,     5.6, ,    18.3, ,     9.6, 
 1973,    -2.8, ,    -5.7, ,     3.9, ,     7.1, ,    11.0, ,    19.4, ,    21.2, ,    21.5, ,    17.1, ,    12.3, ,     4.8, ,    -2.0, ,     9.0, ,    -3.0, ,     7.3, ,    20.7, ,    11.4, 
 1974,    -3.8, ,    -6.2, ,    -0.1, ,     7.4, ,    10.9, ,    17.2, ,    20.3, ,    20.4, ,    14.5, ,     9.1, ,     4.7, ,    -1.1, ,     7.8, ,    -4.0, ,     6.1, ,    19.3, ,     9.4, 
 1975,    -2.5, ,    -3.0, ,    -1.2, ,     3.0, ,    15.0, ,    18.8, ,    20.9, ,    20.4, ,    14.1, ,    11.4, ,     7.9, ,    -2.2, ,     8.6, ,    -2.2, ,     5.6, ,    20.0, ,    11.1, 
 1976,    -7.2, ,    -1.4, ,     2.4, ,     7.4, ,    11.4, ,    19.6, ,    20.2, ,    18.7, ,    15.3, ,     8.2, ,     0.4, ,    -6.2, ,     7.4, ,    -3.6, ,     7.1, ,    19.5, ,     8.0, 
 1977,   -11.3, ,    -5.2, ,     2.8, ,     8.0, ,    15.2, ,    16.9, ,    21.5, ,    19.4, ,    17.5, ,     9.7, , -9999.9,M, -9999.9,M, -9999.9,M,    -7.6, ,     8.7, ,    19.3, , -9999.9,M
 1978,    -7.9, ,   -10.4, ,    -2.7, ,     5.8, ,    12.9, ,    17.7, ,    20.0, ,    20.3, ,    17.5, ,     9.7, ,     4.3, ,    -1.5, ,     7.1, , -9999.9,M,     5.3, ,    19.3, ,    10.5, 
 1979,    -7.5, ,    -9.5, ,     1.7, ,     5.2, ,    11.4, ,    17.4, ,    20.0, ,    19.4, ,    16.2, ,     9.8, ,     4.8, ,     0.0, ,     7.4, ,    -6.2, ,     6.1, ,    18.9, ,    10.3, 
 1980,    -4.3, ,    -7.0,E,    -1.0, ,     6.3, ,    13.7, ,    16.1, ,    20.7, ,    21.8, ,    16.6, ,     7.9, ,     3.1,E,    -3.9, ,     7.5,E,    -3.8,E,     6.3, ,    19.5, ,     9.2,E
 1981,    -7.8, ,    -2.2,E,     1.4, ,     7.7, ,    12.3, ,    18.8, ,    21.2,E,    20.1, ,    15.6, ,     8.5, ,     4.3, ,    -2.0, ,     8.2,E,    -4.6,E,     7.1, ,    20.0,E,     9.5, 
 1982,    -8.1,E,    -6.7, ,    -0.4, ,     4.6,E,    15.2, ,    16.5, ,    21.0, ,    18.4, ,    15.6,E,    11.3, ,     5.5, ,     2.9, ,     8.0,E,    -5.6,E,     6.5,E,    18.6, ,    10.8,E
 1983,    -2.3, ,    -1.8,E,     2.0, ,     5.9, ,    10.5, ,    18.5, ,    22.1, ,    21.5, ,    17.3, ,    11.3, ,     4.9, ,    -5.7, ,     8.7,E,    -0.4,E,     6.1, ,    20.7, ,    11.2, 
 1984,    -7.9, ,    -0.7, ,    -3.1, ,     7.1, ,    11.1, ,    19.1, ,    19.8, ,    21.1, ,    15.5, ,    12.4, ,     4.1, ,     1.1, ,     8.3, ,    -4.8, ,     5.0, ,    20.0, ,    10.7, 
 1985,    -6.6, ,    -5.3, ,     1.7, ,     8.7, ,    14.5, ,    16.4, ,    20.4, ,    19.3, ,    17.8, ,    11.5, ,     5.6, ,    -4.7, ,     8.3, ,    -3.6, ,     8.3, ,    18.7, ,    11.6, 
 1986,    -4.7, ,    -5.0,E,     1.6,E,     7.9, ,    14.7, ,    17.6, ,    21.1, ,    19.2,E,    17.0, ,    10.9,E,     3.1, ,    -0.4, ,     8.6,E,    -4.8,E,     8.1,E,    19.3,E,    10.3,E
 1987,    -3.7, ,    -3.2, ,     2.3, ,     8.5, ,    14.8,E,    19.6, ,    22.5, ,    20.2, ,    16.8, ,     8.0, ,     5.6,E,     0.9, ,     9.4,E,    -2.4, ,     8.5,E,    20.8, ,    10.1,E
 1988,    -4.8, ,    -5.3,E,     0.7, ,     6.6, ,    14.0, ,    18.8, ,    22.7,E,    22.2, ,    16.7,E,     7.7, ,     5.9,E,    -1.9, ,     8.6,E,    -3.1,E,     7.1, ,    21.2,E,    10.1,E
 1989,    -0.8,E,    -5.1, ,    -0.2, ,     5.3, ,    12.7, ,    18.0,E,    20.9, ,    19.8, ,    15.7, ,    10.5, ,     3.2, ,    -8.2, ,     7.7,E,    -2.6,E,     5.9, ,    19.6,E,     9.8, 
 1990,     0.0, ,    -1.6, ,     2.5, ,     7.8, ,    11.9, ,    18.4, ,    20.4, ,    19.7, ,    15.9, ,    10.4, ,     5.8, ,     0.5, ,     9.3, ,    -3.3, ,     7.4, ,    19.5, ,    10.7, 
 1991,    -4.1, ,    -1.2,E,     2.2,E,     8.7, ,    16.7,E,    19.9, ,    21.4, ,    21.2, ,    15.9, ,    11.7, ,     3.2, ,    -0.6, ,     9.6,E,    -1.6,E,     9.2,E,    20.8, ,    10.3, 
 1992,    -3.0, ,    -2.0, ,    -0.1, ,     5.4, ,    12.4, ,    16.0, ,    19.2, ,    17.9,E,    16.3, ,     8.8, ,     4.4, ,     0.3, ,     8.0,E,    -1.9, ,     5.9, ,    17.7,E,     9.8, 
 1993,    -2.4, ,    -6.0, ,    -0.5, ,     6.5,E,    12.7, ,    17.9, ,    21.7, ,    20.7, ,    14.3, ,     9.0, ,     3.9, ,    -1.2, ,     8.1,E,    -2.7, ,     6.2,E,    20.1, ,     9.1, 
 1994,    -9.3, ,    -6.6, ,     0.3, ,     7.6, ,    11.6, ,    18.8, ,    21.2, ,    18.9,E,    16.5, ,    11.1, ,     7.0, ,     1.2, ,     8.2,E,    -5.7, ,     6.5, ,    19.6,E,    11.5, 
 1995,    -2.6, ,    -5.5, ,     1.8, ,     4.9, ,    13.2, ,    19.6, ,    22.0, ,    22.7, ,    14.9, ,    11.9, ,     1.9, ,    -3.8, ,     8.4, ,    -2.3, ,     6.6, ,    21.4, ,     9.6, 
 1996,    -5.9, ,    -4.2, ,    -2.0, ,     5.2, ,    11.8, ,    19.0, ,    19.8, ,    20.4,E,    16.5, ,    11.0, ,     1.6, ,     0.4, ,     7.8,E,    -4.6, ,     5.0, ,    19.7,E,     9.7, 
 1997,    -5.2, ,    -1.3, ,     1.5, ,     5.6, ,     9.7, ,    19.0, ,    20.4, ,    18.6, ,    16.3, ,    10.6, ,     3.1, ,    -0.1, ,     8.2, ,    -2.0, ,     5.6, ,    19.3, ,    10.0, 
 1998,    -0.4, ,     1.0, ,     2.7, ,     8.1, ,    16.8, ,    18.6, ,    21.0, ,    21.0, ,    18.6, ,    11.7, ,     6.0, ,     1.8, ,    10.6, ,     0.2, ,     9.2, ,    20.2, ,    12.1, 
 1999,    -5.5, ,    -0.8, ,    -0.3, ,     7.8, ,    14.8, ,    19.8, ,    23.4, ,    19.4, ,    17.1, ,    10.3, ,     6.2, ,     0.0, ,     9.4, ,    -1.5, ,     7.4, ,    20.9, ,    11.2, 
 2000,    -4.4, ,    -1.5, ,     4.5, ,     6.4, ,    14.3, ,    18.9, ,    19.5, ,    19.7,E,    16.4, ,    12.0, ,     4.7, ,    -6.4, ,     8.7,E,    -2.0, ,     8.4, ,    19.4,E,    11.0, 
 2001,    -3.6, ,    -1.7, ,     0.3, ,     8.2, ,    14.5,E,    18.9, ,    20.7,E,    21.9,E,    15.9, ,    11.2, ,     8.1, ,     2.0,E,     9.7,E,    -3.9, ,     7.7,E,    20.5,E,    11.7, 
 2002,    -0.4, ,    -0.6, ,     1.0,E,     8.0,E,    10.6,E,    19.3,E,    22.6, ,    21.2,E,    19.2, ,     9.8, ,     3.7, ,    -2.2, ,     9.4,E,     0.3,E,     6.5,E,    21.0,E,    10.9, 
 2003,    -7.2, ,    -6.2, ,    -0.1, ,     5.9, ,    11.8,E,    17.6, ,    20.9, ,    21.2, ,    16.7, ,     9.5, ,     6.3, ,     0.1,E,     8.0,E,    -5.2, ,     5.9,E,    19.9, ,    10.8, 
 2004,    -8.1, ,    -3.2, ,     2.7, ,     7.6,E,    13.9,E,    18.0, ,    20.1, ,    18.8, ,    17.8, ,    11.4, ,     6.0, ,    -1.7,E,     8.6,E,    -3.7,E,     8.1,E,    19.0, ,    11.7, 
 2005,    -5.5, ,    -3.1, ,    -1.1, ,     7.6,E,    11.5, ,    21.1, ,    22.4, ,    22.1, ,    18.8, ,    11.7, ,     5.8, ,    -3.4, ,     9.0,E,    -3.4,E,     6.0,E,    21.9, ,    12.1, 
 2006,     1.3,E,    -2.4, ,     1.3,E,     8.3,E,    13.9, ,    18.8, ,    22.2, ,    20.6, ,    16.2, ,     9.5, ,     5.7,E,     2.5, ,     9.8,E,    -1.5,E,     7.8,E,    20.5, ,    10.5,E
 2007,    -1.4, ,    -7.4, ,     2.6, ,     6.1, ,    13.8, ,    19.4, ,    20.4, ,    21.1, ,    17.8, ,    14.8, ,     4.3, ,    -1.1, ,     9.2, ,    -2.1, ,     7.5, ,    20.3, ,    12.3, 
 2008,    -2.0, ,    -4.1, ,    -0.8, ,     8.6, ,    11.6, ,    19.7, ,    21.5, ,    19.6, ,    17.8, ,    10.1, ,     3.7, ,    -2.5, ,     8.6, ,    -2.4, ,     6.5, ,    20.3, ,    10.5, 
 2009,    -7.8, ,    -2.8, ,     1.3, ,     8.2, ,    13.3, ,    17.7, ,    19.0, ,    20.1, ,    17.0, ,     9.6, ,     7.1, ,    -1.2, ,     8.5, ,    -4.4, ,     7.6, ,    18.9, ,    11.2, 
 2010,    -4.7, ,    -3.6, ,     3.9, ,    10.0, ,    15.0, ,    20.1, ,    22.4, ,    22.1, ,    16.9, ,    11.5, ,     5.0, ,    -4.0, ,     9.6, ,    -3.2, ,     9.6, ,    21.5, ,    11.1, 
 2011,    -6.2, ,    -4.6, ,    -0.4, ,     7.3, ,    13.9, ,    18.9, ,    23.4, ,    20.9, ,    17.2, ,    11.2, ,     7.7, ,     2.0, ,     9.3, ,    -4.9, ,     6.9, ,    21.1, ,    12.0, 
 2012,    -0.9, ,     0.0, ,     7.0, ,     7.3, ,    16.0, ,    20.2, ,    22.8, ,    20.3, ,    16.4, ,    11.0, ,     3.4, ,     1.9, ,    10.5, ,     0.4, ,    10.1, ,    21.1, ,    10.3, 
 2013,    -2.4, ,    -3.9, ,     0.2, ,     5.9, ,    14.8, ,    18.5, ,    21.3, ,    19.8, ,    16.6, ,    11.8, ,     3.2, ,    -2.8, ,     8.6, ,    -1.5, ,     7.0, ,    19.9, ,    10.5, 
 2014,    -8.2, ,    -8.3, ,    -3.6, ,     6.2, ,    13.3, ,    19.4, ,    19.3, ,    19.6, ,    16.1, ,    11.4, ,     2.3, ,     0.8, ,     7.4, ,    -6.4, ,     5.3, ,    19.4, ,     9.9, 
 2015,    -6.9, ,   -11.9, ,    -1.5, ,     6.9, ,    14.9, ,    17.8, ,    20.1, ,    19.6, ,    18.9, ,    10.9, ,     7.4, ,     5.2, ,     8.5, ,    -6.0, ,     6.8, ,    19.2, ,    12.4, 
 2016,    -2.6, ,    -1.3, ,     3.5, ,     5.5, ,    13.8, ,    18.8, ,    21.9, ,    22.3, ,    19.1, ,    12.3, ,     7.7, ,    -1.0, ,    10.0, ,     0.4, ,     7.6, ,    21.0, ,    13.0, 
 2017,    -1.1, ,     1.4, ,     1.0, ,     9.8, ,    12.7, ,    19.2, ,    21.4, , -9999.9,M,    17.6, ,    13.8, ,     4.5, ,    -4.1, , -9999.9,M,    -0.2, ,     7.8, , -9999.9,M,    12.0, 
 2018,    -5.2, ,    -1.4, ,     0.0, ,     3.5, ,    16.1, ,    19.2, , -9999.9,M,    22.1, ,    18.7, , -9999.9,M,     2.3, ,     1.0, , -9999.9,M,    -3.6, ,     6.5, , -9999.9,M, -9999.9,M
 2019,    -4.9, ,    -3.0, ,    -0.5, ,     6.8, ,    12.8, ,    18.1, ,    22.6, , -9999.9,M,    18.9, , -9999.9,M,     2.2, ,     1.2, , -9999.9,M,    -2.3, ,     6.4, , -9999.9,M, -9999.9,M
