6121025,BRUCEFIELD          ,ONT , station not joined, Monthly mean of homogenized daily mean temperature                     , Deg Celcius,          Updated to December 2019
6121025,BRUCEFIELD          ,ONT , station non jointe, Moyenne mensuelle des temperatures quotidiennes moyennes homogeneisees , Deg Celsius, Mise a jour jusqu a decembre 2019
 Year,     Jan, ,     Feb, ,     Mar, ,     Apr, ,     May, ,     Jun, ,     Jul, ,     Aug, ,     Sep, ,     Oct, ,     Nov, ,     Dec, ,  Annual, ,  Winter, ,  Spring, ,  Summer, ,  Autumn
Annee,    Janv, ,     Fev, ,    Mars, ,     Avr, ,     Mai, ,    Juin, ,    Juil, ,    Aout, ,    Sept, ,     Oct, ,     Nov, ,     Dec, ,  Annuel, ,   Hiver, ,Printemp, ,     Ete, , Automne
 1903, -9999.9,M, -9999.9,M, -9999.9,M,     5.3, ,    14.7, ,    14.5, ,    19.4, ,    16.7, ,    15.0, ,     8.8, ,    -0.3, ,    -7.3, , -9999.9,M, -9999.9,M, -9999.9,M,    16.9, ,     7.8, 
 1904,   -11.2, ,   -13.1, ,    -4.5, ,     2.1, ,    12.8, ,    17.0, ,    18.5, ,    16.6, ,    14.2, ,     7.1, ,     1.0, ,    -6.8, ,     4.5, ,   -10.5, ,     3.5, ,    17.4, ,     7.4, 
 1905,    -8.7, ,   -11.1, ,    -3.9, ,     4.4, ,    10.8, ,    16.6, ,    19.9, ,    18.6, ,    15.3, ,     9.0, ,     1.2, ,    -2.4, ,     5.8, ,    -8.9, ,     3.8, ,    18.4, ,     8.5, 
 1906,    -2.3, ,    -7.8, ,    -5.7, ,     5.3, ,    11.6, ,    18.3, ,    19.6, ,    21.3, ,    17.2, ,     8.7, ,     1.8, ,    -4.9, ,     6.9, ,    -4.2, ,     3.7, ,    19.7, ,     9.2, 
 1907,    -5.8, ,    -9.4, ,    -0.7, ,     1.6, ,     8.2, ,    16.3, ,    19.0, ,    16.9, ,    15.6, ,     5.9, ,     1.3, ,    -3.0, ,     5.5, ,    -6.7, ,     3.0, ,    17.4, ,     7.6, 
 1908,    -5.7, ,    -9.0, ,    -2.2, ,     5.0, ,    13.1, ,    17.7, ,    20.3, ,    17.5, ,    17.5, ,     9.7, ,     2.8, ,    -3.2, ,     7.0, ,    -5.9, ,     5.3, ,    18.5, ,    10.0, 
 1909,    -4.0, ,    -4.7, ,    -3.5, ,     3.6, ,    10.8, ,    17.7, ,    19.0, ,    19.0, ,    13.6, ,     6.5, ,     4.2, ,    -4.7, ,     6.5, ,    -4.0, ,     3.6, ,    18.6, ,     8.1, 
 1910,    -5.8, ,   -10.0, ,     1.5, ,     7.1, ,     9.2, ,    15.4, ,    19.8, ,    18.8, ,    14.0, ,     8.6, ,     0.5, ,    -7.2, ,     6.0, ,    -6.8, ,     5.9, ,    18.0, ,     7.7, 
 1911,    -5.1, ,    -5.0, ,    -3.5, ,     4.1, ,    15.1, ,    17.5, ,    20.7, ,    19.4, ,    14.2, ,     7.7, ,     0.9, ,    -0.9, ,     7.1, ,    -5.8, ,     5.2, ,    19.2, ,     7.6, 
 1912,   -11.8, ,   -11.4, ,    -8.7, ,     4.5, ,    12.4, ,    15.3, ,    19.7, ,    16.3, ,    16.4, ,     9.2, ,     3.0, ,    -1.1, ,     5.3, ,    -8.0, ,     2.7, ,    17.1, ,     9.5, 
 1913,    -3.4, ,    -8.0, ,    -1.9, ,     6.0, ,    11.0, ,    17.0, ,    19.6, ,    19.3, ,    15.0, ,     9.9, ,     4.2, ,    -0.7, ,     7.3, ,    -4.2, ,     5.0, ,    18.6, ,     9.7, 
 1914,    -4.4, ,   -10.7, ,    -3.0, ,     4.9, ,    12.9, ,    16.4, ,    19.3, ,    18.8, ,    14.7, ,    10.8, ,     1.8, ,    -4.6, ,     6.4, ,    -5.3, ,     4.9, ,    18.2, ,     9.1, 
 1915,    -7.3, ,    -4.1, ,    -3.4, ,     8.2, ,     9.5, ,    15.5, ,    18.8, ,    17.2, ,    15.9, ,     9.6, ,     3.8, ,    -4.0, ,     6.6, ,    -5.3, ,     4.8, ,    17.2, ,     9.8, 
 1916,    -2.4, ,    -8.3, ,    -6.4, ,     5.4, ,    11.6, ,    15.1, ,    23.2, ,    20.5, ,    15.6, ,     8.6, ,     2.5, ,    -4.0, ,     6.8, ,    -4.9, ,     3.5, ,    19.6, ,     8.9, 
 1917,    -6.6, ,   -10.5, ,    -2.3, ,     3.2, ,     7.6, ,    15.2, ,    19.4, ,    18.1, ,    12.6, ,     5.5, ,     0.0, ,    -7.6, ,     4.6, ,    -7.0, ,     2.8, ,    17.6, ,     6.0, 
 1918,   -12.9, ,    -9.3, ,    -1.4, ,     5.1, ,    13.4, ,    15.5, ,    18.4, ,    20.6, ,    11.0, ,     9.6, ,     3.9, ,    -0.8, ,     6.1, ,    -9.9, ,     5.7, ,    18.2, ,     8.2, 
 1919,    -3.3, ,    -4.7, ,    -0.9, ,     4.3, ,    10.6, ,    21.7, ,    20.9, ,    18.2, ,    15.4, ,    10.0, ,     1.9, ,    -7.3, ,     7.2, ,    -2.9, ,     4.7, ,    20.3, ,     9.1, 
 1920,   -12.1, ,   -10.3, ,    -1.6, ,     3.2, ,    10.4, ,    17.8, ,    17.6, ,    19.6, ,    15.6, ,    11.6, ,     1.6, ,    -1.4, ,     6.0, ,    -9.9, ,     4.0, ,    18.3, ,     9.6, 
 1921,    -3.8, ,    -4.5, ,     2.5, ,     8.6, ,    13.4, ,    18.6, ,    23.9, ,    18.2, ,    17.5, ,     9.1, ,     1.6, ,    -2.7, ,     8.5, ,    -3.2, ,     8.2, ,    20.2, ,     9.4, 
 1922,    -7.1, ,    -4.7, ,    -0.1, ,     5.6, ,    14.6, ,    17.5, ,    19.0, ,    18.2, ,    15.2, ,     9.1, ,     3.2, ,    -3.5, ,     7.3, ,    -4.8, ,     6.7, ,    18.2, ,     9.2, 
 1923,    -5.8, ,   -10.3, ,    -4.9, ,     2.9, ,    10.0, ,    18.6, ,    19.8, ,    18.0, ,    15.9, ,     7.8, ,     2.1, ,     1.0, ,     6.3, ,    -6.5, ,     2.7, ,    18.8, ,     8.6, 
 1924,    -7.0, ,    -8.9, ,    -2.6, ,     4.6, ,     8.6, ,    16.1, ,    18.0, ,    17.0, ,    12.9, ,     9.3, ,     2.5, ,    -5.8, ,     5.4, ,    -5.0, ,     3.5, ,    17.0, ,     8.2, 
 1925,    -8.9, ,    -5.1, ,    -0.5, ,     6.7, ,     8.4, ,    18.8, ,    18.9, ,    19.0, ,    15.5, ,     4.4, ,     1.4, ,    -3.7, ,     6.2, ,    -6.6, ,     4.9, ,    18.9, ,     7.1, 
 1926,    -5.4, ,    -7.6, ,    -7.3, ,     0.8, ,    10.2, ,    14.7, ,    19.0, ,    18.9, ,    14.4, ,     7.8, ,     1.6, ,    -5.5, ,     5.1, ,    -5.6, ,     1.2, ,    17.5, ,     7.9, 
 1927,    -7.9, ,    -4.1, ,     0.1, ,     5.3, ,    11.0, ,    14.6, ,    19.0, ,    16.2, ,    16.5, ,    10.7, ,     4.0, ,    -3.0, ,     6.9, ,    -5.8, ,     5.5, ,    16.6, ,    10.4, 
 1928,    -5.8, ,    -6.7, ,    -3.0, ,     3.8, ,    10.1, ,    15.4, ,    20.0, ,    19.7, ,    13.2, ,     9.9, ,     3.5, ,    -1.5, ,     6.6, ,    -5.2, ,     3.6, ,    18.4, ,     8.9, 
 1929,    -6.8, ,    -9.2, ,     1.3, ,     6.5, ,     9.8, ,    15.9, ,    18.9, ,    16.8, ,    16.4, ,     7.6, ,     1.9, ,    -4.6, ,     6.2, ,    -5.8, ,     5.9, ,    17.2, ,     8.6, 
 1930,    -7.0, ,    -4.1, ,    -1.8, ,     5.3, ,    13.5, ,    18.1, ,    19.3, ,    18.8, ,    16.5, ,     8.2, ,     3.5, ,    -3.5, ,     7.2, ,    -5.2, ,     5.7, ,    18.7, ,     9.4, 
 1931,    -5.3, ,    -4.5, ,    -2.2, ,     5.8, ,    12.0, ,    17.5, ,    21.8, ,    19.7, ,    17.6, ,    11.0, ,     6.8, ,     0.4, ,     8.4, ,    -4.4, ,     5.2, ,    19.7, ,    11.8, 
 1932,     0.9, ,    -2.3, ,    -3.5, ,     3.7, ,    12.0, ,    17.7, ,    19.0, ,    19.2, ,    15.4, ,    10.0, ,     0.6, ,    -2.7, ,     7.5, ,    -0.3, ,     4.1, ,    18.6, ,     8.7, 
 1933,    -0.5, ,    -5.5, ,    -2.1, ,     6.9, ,    13.7, ,    19.6, ,    21.2, ,    19.4, ,    17.2, ,     8.6, ,    -0.1, ,    -4.1, ,     7.9, ,    -2.9, ,     6.2, ,    20.1, ,     8.6, 
 1934,    -3.5, ,   -14.7, ,    -5.2, ,     4.1, ,    12.9, ,    19.7, ,    20.7, ,    17.2, ,    17.2, ,     8.3, ,     4.9, ,    -4.6, ,     6.4, ,    -7.4, ,     3.9, ,    19.2, ,    10.1, 
 1935,    -7.0, ,    -7.1, ,     0.6, ,     4.5, ,     8.3, ,    16.4, ,    22.4, ,    20.2, ,    14.3, ,     8.6, ,     3.6, ,    -5.9, ,     6.6, ,    -6.2, ,     4.5, ,    19.7, ,     8.8, 
 1936,    -7.1, ,   -11.8, ,     0.0, ,     2.7, ,    14.3, ,    16.7, ,    20.2, ,    20.0, ,    16.3, ,     8.5, ,     0.2, ,    -2.4, ,     6.5, ,    -8.3, ,     5.7, ,    19.0, ,     8.3, 
 1937,    -2.9, ,    -3.9, ,    -4.1, ,     4.8, ,    11.9, ,    17.4, ,    20.8, ,    21.6, ,    14.7, ,     7.3, ,     2.1, ,    -4.9, ,     7.1, ,    -3.1, ,     4.2, ,    19.9, ,     8.0, 
 1938,    -6.7, ,    -3.1, ,     1.6, ,     6.9, ,    12.3, ,    17.3, ,    21.2, ,    21.7, ,    13.5, ,    10.4, ,     4.3, ,    -2.5, ,     8.1, ,    -4.9, ,     6.9, ,    20.1, ,     9.4, 
 1939,    -5.1, ,    -5.5, ,    -2.6, ,     4.2, ,    13.7, ,    18.8, ,    20.4, ,    20.6, ,    15.7, ,     9.7, ,     1.6, ,    -0.8, ,     7.6, ,    -4.4, ,     5.1, ,    19.9, ,     9.0, 
 1940,    -9.4, ,    -6.2, ,    -5.4, ,     3.3, ,    11.9, ,    17.8, ,    19.9, ,    19.7, ,    14.6, ,     8.7, ,     2.9, ,    -2.1, ,     6.3, ,    -5.5, ,     3.3, ,    19.1, ,     8.7, 
 1941,    -6.3, ,    -7.0, ,    -5.4, ,     9.0, ,    13.6, ,    19.0, ,    21.3, ,    18.5, ,    17.3, ,    10.9, ,     5.1, ,     0.1, ,     8.0, ,    -5.1, ,     5.7, ,    19.6, ,    11.1, 
 1942,    -5.0, ,    -7.1, ,     0.7, ,     8.6, ,    13.3, ,    18.5, ,    20.1, ,    19.3, ,    15.1, ,     9.8, ,     2.9, ,    -4.9, ,     7.6, ,    -4.0, ,     7.5, ,    19.3, ,     9.3, 
 1943,    -8.3, ,    -5.5, , -9999.9,M, -9999.9,M,    11.2, ,    20.1, ,    19.9, ,    19.4, ,    14.3, ,     7.7, ,     1.6, ,    -4.5, , -9999.9,M,    -6.2, , -9999.9,M,    19.8, ,     7.9, 
 1944,    -3.2, ,    -5.0, ,    -3.3, ,     3.7, ,    15.1, ,    19.2, ,    20.3, ,    21.0, ,    15.8, ,     8.7, ,     4.0, ,    -5.1, ,     7.6, ,    -4.2, ,     5.2, ,    20.2, ,     9.5, 
 1945,   -10.5, ,    -6.0, ,     5.8, ,     8.2, ,     9.2, ,    16.4, ,    19.6, ,    19.1, ,    15.5, ,     8.2, ,     3.6, ,    -5.7, ,     7.0, ,    -7.2, ,     7.7, ,    18.4, ,     9.1, 
 1946,    -4.1, ,    -6.0, ,     5.2, ,     5.6, ,    11.3, ,    17.2, ,    19.6, ,    17.3, ,    16.3, ,    11.9, ,     4.5, ,    -2.5, ,     8.0, ,    -5.3, ,     7.4, ,    18.0, ,    10.9, 
 1947,    -3.8, ,    -8.0, ,    -4.2, ,     4.0, ,    10.2, ,    16.9, ,    19.4, ,    22.5, ,    16.5, ,    13.8, ,     1.9, ,    -4.2, ,     7.1, ,    -4.8, ,     3.3, ,    19.6, ,    10.7, 
 1948,    -9.2, ,    -7.3, ,    -1.9, ,     8.7, ,    10.6, ,    17.1, ,    21.2, ,    19.9, ,    17.0, ,     8.4, ,     6.4, ,    -1.7, ,     7.4, ,    -6.9, ,     5.8, ,    19.4, ,    10.6, 
 1949,    -2.3, ,    -3.5, ,    -1.0, ,     5.8, ,    14.0, ,    21.0, ,    22.1, ,    20.3, ,    13.5, ,    11.9, ,     1.6, ,    -1.4, ,     8.5, ,    -2.5, ,     6.3, ,    21.1, ,     9.0, 
 1950,    -0.9, ,    -5.8, ,    -4.1, ,     2.5, ,    12.5, ,    17.5, ,    19.0, ,    18.7, ,    14.2, ,    11.1, ,     1.5, ,    -4.7, ,     6.8, ,    -2.7, ,     3.6, ,    18.4, ,     8.9, 
 1951,    -5.4, ,    -5.0, ,     0.2, ,     6.5, ,    13.3, ,    17.5, ,    20.1, ,    17.9, ,    14.5, ,    10.7, ,    -1.1, ,    -3.1, ,     7.2, ,    -5.0, ,     6.7, ,    18.5, ,     8.0, 
 1952,    -4.0, ,    -4.6, ,    -1.5, ,     7.6, ,    10.9, ,    19.1, ,    22.1, ,    19.2, ,    15.9, ,     6.1, ,     4.3, ,    -0.9, ,     7.9, ,    -3.9, ,     5.7, ,    20.1, ,     8.8, 
 1953,    -3.0, ,    -2.2, ,     0.5, ,     5.0, ,    12.6, ,    18.5, ,    20.2, ,    20.0, ,    15.6, ,    10.7, ,     5.0, ,    -0.9, ,     8.5, ,    -2.0, ,     6.0, ,    19.6, ,    10.4, 
 1954,    -6.8, ,    -2.0, ,    -2.6, ,     7.5, ,    10.5, ,    19.3, ,    19.0, ,    18.6, ,    15.7, ,    10.7, ,     3.8, ,    -4.3, ,     7.5, ,    -3.2, ,     5.1, ,    19.0, ,    10.1, 
 1955,    -5.3, ,    -5.7, ,    -1.2, ,     9.3, ,    14.2, ,    18.0, ,    23.7, ,    22.4, ,    15.6, ,    11.0, ,     2.2, ,    -4.8, ,     8.3, ,    -5.1, ,     7.4, ,    21.4, ,     9.6, 
 1956,    -5.5, ,    -5.3, ,    -3.7, ,     4.4, ,    11.0, ,    18.3, ,    18.9, ,    19.0, ,    13.0, ,    10.7, ,     3.8, ,    -1.3, ,     6.9, ,    -5.2, ,     3.9, ,    18.7, ,     9.2, 
 1957,    -8.9, ,    -4.3, ,    -0.5, ,     7.5, ,    11.3, ,    18.7, ,    19.8, ,    18.0, ,    15.0, ,     8.7, ,     3.7, ,    -0.6, ,     7.4, ,    -4.8, ,     6.1, ,    18.8, ,     9.1, 
 1958,    -5.0, ,    -7.8, ,     0.2, ,     7.8, ,    11.7, ,    15.2, ,    20.3, ,    19.0, ,    15.5, ,    10.0, ,     4.5, ,    -7.5, ,     7.0, ,    -4.5, ,     6.6, ,    18.2, ,    10.0, 
 1959,    -7.7, ,    -8.0, ,    -3.4, ,     6.5, ,    14.4, ,    17.9, ,    21.1, ,    22.2, ,    17.1, ,     9.5, ,     1.7, ,    -1.4, ,     7.5, ,    -7.7, ,     5.8, ,    20.4, ,     9.4, 
 1960,    -4.5, ,    -4.9, ,    -7.6, ,     7.5, ,    12.9, ,    16.9, ,    19.4, ,    19.8, ,    17.1, ,     8.9, ,     4.9, ,    -6.1, ,     7.0, ,    -3.6, ,     4.3, ,    18.7, ,    10.3, 
 1961,    -8.6, ,    -4.9, ,     0.5, ,     3.9, ,    11.0, ,    17.8, ,    20.3, ,    19.8, ,    18.7, ,    11.5, ,     3.1, ,    -2.6, ,     7.5, ,    -6.5, ,     5.1, ,    19.3, ,    11.1, 
 1962, -9999.9,M,    -9.3, ,    -1.7, ,     6.6, ,    15.7, ,    18.1, ,    19.4, ,    19.4, ,    15.1, ,    10.7, ,     2.5, , -9999.9,M, -9999.9,M, -9999.9,M,     6.9, ,    19.0, ,     9.4, 
 1963, -9999.9,M, -9999.9,M,    -0.7, , -9999.9,M, -9999.9,M, -9999.9,M, -9999.9,M, -9999.9,M, -9999.9,M, -9999.9,M,     6.0, , -9999.9,M, -9999.9,M, -9999.9,M, -9999.9,M, -9999.9,M, -9999.9,M
 1964, -9999.9,M, -9999.9,M,    -0.4, ,     6.7, ,    14.3, ,    17.5, ,    21.0, ,    16.7, ,    14.9, ,     7.7, ,     5.0, ,    -3.3, , -9999.9,M, -9999.9,M,     6.9, ,    18.4, ,     9.2, 
 1965,    -6.7, ,    -5.7, ,    -3.3, ,     3.3, ,    14.4, ,    16.5, ,    17.4, ,    17.8, ,    16.4, ,     8.3, ,     3.5, ,    -0.9, ,     6.8, ,    -5.2, ,     4.8, ,    17.2, ,     9.4, 
 1966,    -7.7, ,    -5.2, ,     1.1, ,     4.9, ,     8.9, ,    17.8, ,    20.8, ,    18.4, ,    13.8, ,     8.6, ,     3.9, ,    -3.2, ,     6.8, ,    -4.6, ,     5.0, ,    19.0, ,     8.8, 
 1967,    -3.6, ,    -8.4, ,    -2.5, ,     7.0, ,     9.3, ,    20.0, ,    18.4, ,    17.1, ,    13.7, ,     9.8, ,     0.9, ,    -1.7, ,     6.7, ,    -5.1, ,     4.6, ,    18.5, ,     8.1, 
 1968,    -8.0, ,    -8.0, ,     0.1, ,     8.3, ,    10.2, ,    16.5, , -9999.9,M,    18.8, ,    16.8, ,    10.6, ,     2.8, ,    -4.5, , -9999.9,M,    -5.9, ,     6.2, , -9999.9,M,    10.1, 
 1969,    -5.5, ,    -6.6, ,    -3.2, ,     7.4, ,    11.4, ,    15.5, ,    19.9, ,    20.1, ,    16.2, ,     9.2, ,     2.6, ,    -5.3, ,     6.8, ,    -5.5, ,     5.2, ,    18.5, ,     9.3, 
 1970,   -10.3, ,    -7.0, ,    -4.2, ,     6.9, ,    13.2, ,    17.3, ,    20.6, ,    19.0, ,    15.6, ,    11.1, ,     4.0, ,    -3.7, ,     6.9, ,    -7.5, ,     5.3, ,    19.0, ,    10.2, 
 1971,    -8.3, ,    -5.2, ,    -3.9, , -9999.9,M,    11.6, ,    19.3, ,    18.8, ,    18.2, ,    17.4, ,    13.7, ,     2.9, ,    -0.3, , -9999.9,M,    -5.7, , -9999.9,M,    18.8, ,    11.3, 
 1972,    -6.0, ,    -7.8, ,    -3.2, ,     3.2, ,    13.9, ,    15.6, ,    19.7, ,    18.6, ,    15.6, ,     7.3, ,     1.7, ,    -2.6, ,     6.3, ,    -4.7, ,     4.6, ,    18.0, ,     8.2, 
 1973,    -4.0, ,    -7.2, ,     3.6, ,     7.3, ,    11.1, ,    19.0, ,    20.4, ,    20.8, ,    15.6, ,    12.0, ,     3.7, ,    -3.9, ,     8.2, ,    -4.6, ,     7.3, ,    20.1, ,    10.4, 
 1974,    -4.4, ,    -7.7, ,    -1.1, ,     6.8, ,    10.1, ,    17.1, ,    19.4, ,    19.4, ,    13.7, ,     8.0, ,     3.4, ,    -1.7, ,     6.9, ,    -5.3, ,     5.3, ,    18.6, ,     8.4, 
 1975,    -3.4, ,    -4.1, ,    -3.2, ,     2.3, ,    15.6, ,    18.3, ,    19.9, ,    19.1, ,    13.0, ,    10.6, ,     6.9, ,    -3.7, ,     7.6, ,    -3.1, ,     4.9, ,    19.1, ,    10.2, 
 1976,    -8.6, ,    -3.3, ,     1.4, ,     7.0, ,    11.0, ,    19.0, ,    18.7, ,    18.0, ,    13.8, ,     6.8, ,    -0.6, ,    -7.5, ,     6.3, ,    -5.2, ,     6.5, ,    18.6, ,     6.7, 
 1977,   -12.1, ,    -7.4, , -9999.9,M,     8.0, ,    14.4, ,    16.1, ,    21.1, ,    18.2, ,    15.5, ,     8.5, ,     3.7, ,    -3.9, , -9999.9,M,    -9.0, , -9999.9,M,    18.5, ,     9.2, 
 1978, -9999.9,M,   -12.5, ,    -5.5, ,     5.1, ,    12.6, ,    15.9, ,    18.9, ,    19.3, ,    15.3, ,     8.2, ,     3.4, ,    -2.9, , -9999.9,M, -9999.9,M,     4.1, ,    18.0, ,     9.0, 
 1979,    -8.5,E,   -12.0, ,     1.3, ,     4.4, ,    11.6, ,    17.2, ,    18.9, ,    18.2, ,    15.5, ,     8.7, ,     3.5,E,    -0.9, ,     6.5,E,    -7.8,E,     5.8, ,    18.1, ,     9.2,E
 1980,    -4.9, ,    -9.1, ,    -3.2, ,     5.8,E,    12.6, ,    14.9, ,    19.1,E,    20.2, ,    14.8, ,     6.6,E,     1.6, ,    -5.6, ,     6.1,E,    -5.0, ,     5.1,E,    18.1,E,     7.7,E
 1981,   -10.1,E,    -3.6, ,    -1.3, ,     7.1,E,    10.9, ,    17.2, ,    19.7, ,    18.6,E,    13.8, ,     6.3, ,     3.1, ,    -3.6, ,     6.5,E,    -6.4,E,     5.6,E,    18.5,E,     7.7, 
 1982,   -10.0, ,    -8.6, ,    -3.0,E,     3.6, ,    15.0, ,    14.8, ,    19.2, ,    16.5, ,    14.4, ,     9.5, ,     3.7, ,     0.7, ,     6.3,E,    -7.4, ,     5.2,E,    16.8, ,     9.2, 
 1983,    -5.2, ,    -3.4, ,     0.7,E,     4.5, ,     9.4, ,    17.3, ,    20.3, ,    19.5, ,    15.7, ,     8.9, ,     3.2,E,    -7.2,E,     7.0,E,    -2.6, ,     4.9,E,    19.0, ,     9.3,E
 1984,   -10.2,E,    -1.7,E,    -5.1, ,     6.7, ,     9.4, ,    17.6,E,    18.2, ,    19.2, ,    13.4,E,    10.9,E,     3.9, ,    -0.3,E,     6.8,E,    -6.4,E,     3.7, ,    18.3,E,     9.4,E
 1985,    -7.3,E, -9999.9,M,    -0.2, ,     8.9, ,    13.8, ,    15.4, ,    19.4, ,    18.4, ,    16.6, ,    10.2, ,     3.7, ,    -5.1, , -9999.9,M, -9999.9,M,     7.5, ,    17.7, ,    10.2, 
 1986,    -6.1,E,    -6.7, ,    -0.2, ,     7.7,E,    13.7,E,    16.2, ,    20.1,E,    18.0, ,    15.3, ,     9.5, ,     1.6,E,    -1.6, ,     7.3,E,    -6.0,E,     7.1,E,    18.1,E,     8.8,E
 1987,    -4.9, ,    -5.8,E,     1.5,E,     8.4,E,    14.4, ,    19.1, ,    22.3,E,    19.5,E,    16.2, ,     7.0, ,     3.8,E,    -0.1, ,     8.5,E,    -4.1,E,     8.1,E,    20.3,E,     9.0,E
 1988,    -6.2,E,    -7.1, ,    -1.0, ,     6.3,E,    14.4,E,    17.1,E, -9999.9,M,    21.3, ,    15.3, ,     7.0,E,     4.5, ,    -3.0,E, -9999.9,M,    -4.5,E,     6.6,E, -9999.9,M,     8.9,E
 1989,    -2.4,E,    -7.0,E,    -1.7,E,     4.9, ,    12.5,E,    18.0,E, -9999.9,M, -9999.9,M,    14.7, ,     9.9,E,     1.6,E,    -9.6,E, -9999.9,M,    -4.1,E,     5.2,E, -9999.9,M,     8.7,E
 1990,    -1.5, ,    -3.4,E,     2.2,E,     7.9, ,    10.9, ,    17.5,E,    19.5, ,    19.3, ,    15.1, ,     9.3, ,     4.7, ,    -1.3,E,     8.4,E,    -4.8,E,     7.0,E,    18.8,E,     9.7, 
 1991,    -5.9, ,    -2.8, ,     1.2,E,     9.1,E,    17.0, ,    19.6,E,    20.1,E,    20.2, ,    15.1, ,    10.5, ,     2.7,E,    -2.0,E,     8.7,E,    -3.3,E,     9.1,E,    20.0,E,     9.4,E
 1992, -9999.9,M,    -4.3, ,    -1.4,E,     5.6, ,    12.7, ,    15.4, ,    17.5,E,    16.8,E,    15.0, ,     8.2, ,     2.9,E,    -1.0,E, -9999.9,M, -9999.9,M,     5.6,E,    16.6,E,     8.7,E
 1993,    -4.1,E,    -8.0, ,    -1.0,E,     6.5,E,    12.1,E,    17.4, ,    20.9, ,    20.2, ,    13.0,E,     8.3, ,     3.0, ,    -2.2,E,     7.2,E,    -4.4,E,     5.9,E,    19.5, ,     8.1,E
