6127519,SARNIA              ,ONT , station not joined, Monthly mean of homogenized daily mean temperature                     , Deg Celcius,          Updated to December 2019
6127519,SARNIA              ,ONT , station non jointe, Moyenne mensuelle des temperatures quotidiennes moyennes homogeneisees , Deg Celsius, Mise a jour jusqu a decembre 2019
 Year,     Jan, ,     Feb, ,     Mar, ,     Apr, ,     May, ,     Jun, ,     Jul, ,     Aug, ,     Sep, ,     Oct, ,     Nov, ,     Dec, ,  Annual, ,  Winter, ,  Spring, ,  Summer, ,  Autumn
Annee,    Janv, ,     Fev, ,    Mars, ,     Avr, ,     Mai, ,    Juin, ,    Juil, ,    Aout, ,    Sept, ,     Oct, ,     Nov, ,     Dec, ,  Annuel, ,   Hiver, ,Printemp, ,     Ete, , Automne
 1968,    -7.0, ,    -5.9, ,    -1.0, ,     7.8, , -9999.9,M,    16.5, ,    21.1, ,    21.6, ,    17.0, ,     9.8, ,     3.5, ,    -3.6, , -9999.9,M, -9999.9,M, -9999.9,M,    19.7, ,    10.1, 
 1969, -9999.9,M, -9999.9,M, -9999.9,M, -9999.9,M, -9999.9,M, -9999.9,M, -9999.9,M, -9999.9,M, -9999.9,M, -9999.9,M, -9999.9,M, -9999.9,M, -9999.9,M, -9999.9,M, -9999.9,M, -9999.9,M, -9999.9,M
 1970,    -8.8, ,    -5.2, ,    -1.3, ,     7.9, ,    13.5, ,    18.4, ,    21.4, ,    21.2, ,    17.2, ,    12.5, ,     4.7, ,    -2.5, ,     8.3, , -9999.9,M,     6.7, ,    20.3, ,    11.5, 
 1971,    -7.1, ,    -3.3, ,    -0.8, ,     4.6, ,    11.6, ,    19.9, ,    19.9, , -9999.9,M, -9999.9,M,    13.9, ,     3.3, ,     0.3, , -9999.9,M,    -4.3, ,     5.1, , -9999.9,M, -9999.9,M
 1972,    -5.8, ,    -6.5, ,    -2.0, ,     3.8, ,    12.0, ,    14.7, ,    20.4, ,    19.3, ,    16.3, ,     7.7, ,     2.8, ,    -1.9, ,     6.7, ,    -4.0, ,     4.6, ,    18.1, ,     8.9, 
 1973,    -2.8, ,    -6.1, ,     4.5, ,     7.8, ,    11.4, ,    19.8, ,    21.2, ,    21.7, ,    16.9, ,    12.5, ,     4.3, ,    -2.4, ,     9.1, ,    -3.6, ,     7.9, ,    20.9, ,    11.2, 
 1974,    -3.8, ,    -6.8, ,     0.7, ,     7.9, ,    10.2, ,    17.4, ,    20.7, ,    20.5, ,    14.5, ,     8.5, ,     4.1, ,    -1.5, ,     7.7, ,    -4.3, ,     6.3, ,    19.5, ,     9.0, 
 1975,    -2.7, ,    -3.1, ,    -1.6, ,     3.2, ,    15.4, ,    18.9, ,    21.7, ,    20.9, ,    13.8, ,    10.9, ,     7.5, ,    -2.4, ,     8.5, ,    -2.4, ,     5.7, ,    20.5, ,    10.7, 
 1976,    -7.5, ,    -0.9, ,     3.1, ,     7.9, ,    11.4, ,    19.7, ,    19.9, ,    19.0, ,    15.5, ,     7.6, ,     0.2, ,    -7.0, ,     7.4, ,    -3.6, ,     7.5, ,    19.5, ,     7.8, 
 1977,   -11.4, ,    -5.0, ,     3.8, ,     8.4, ,    15.0, ,    16.6, ,    21.8, ,    19.0, ,    16.5, ,     9.3, ,     4.4, ,    -3.0, ,     8.0, ,    -7.8, ,     9.1, ,    19.1, ,    10.1, 
 1978,    -8.1, ,   -10.5, ,    -3.9, ,     5.1, ,    12.9, ,    17.3, ,    19.9, ,    20.8, ,    17.6, ,     9.3, ,     3.7, ,    -2.3, ,     6.8, ,    -7.2, ,     4.7, ,    19.3, ,    10.2, 
 1979,    -8.1, ,   -10.4, ,     2.3, ,     5.2, ,    12.2, ,    17.8, ,    19.7, ,    19.4, ,    16.5, ,     9.7, ,     4.1, ,    -0.3, ,     7.3, ,    -6.9, ,     6.6, ,    19.0, ,    10.1, 
 1980,    -4.7, ,    -6.5, ,    -1.5, ,     5.9, ,    12.9, ,    16.0, ,    20.7,E,    22.0,E,    16.1, ,     7.6,E,     2.6, ,    -4.7, ,     7.2,E,    -3.8, ,     5.8, ,    19.6,E,     8.8,E
 1981,    -7.5,E,    -2.5, ,     1.5, ,     8.2, ,    11.2, ,    18.3, ,    21.2, ,    19.8, ,    15.8, ,     7.7, ,     4.3, ,    -2.5, ,     8.0,E,    -4.9,E,     7.0, ,    19.8, ,     9.3, 
 1982,    -8.9, ,    -7.5, ,    -0.7, ,     5.0, ,    14.9, ,    15.2, ,    21.0, ,    18.4, ,    15.9, ,    10.9, ,     4.7, ,     2.0, ,     7.6, ,    -6.3, ,     6.4, ,    18.2, ,    10.5, 
 1983,    -2.9, ,    -1.9, ,     2.2, ,     5.3, ,    10.6, ,    18.3, ,    22.5, ,    21.0, ,    17.1, ,    10.4, ,     4.7, ,    -6.4, ,     8.4, ,    -0.9, ,     6.0, ,    20.6, ,    10.7, 
 1984,    -8.4, ,    -0.2, ,    -3.1, ,     7.0, ,    10.8, ,    19.5, ,    20.4, ,    21.2, ,    15.1, ,    11.7, ,     4.1, ,     0.1, ,     8.2, ,    -5.0, ,     4.9, ,    20.4, ,    10.3, 
 1985,    -6.7, ,    -5.6, ,     1.6, ,     9.6, ,    14.2, ,    16.0, ,    20.5, ,    19.4, ,    17.4, ,    10.8, ,     4.6, ,    -5.2, ,     8.1, ,    -4.1, ,     8.5, ,    18.6, ,    10.9, 
 1986,    -4.9, ,    -5.4, ,     1.6, ,     8.1, ,    13.4, ,    17.3, ,    21.3, ,    18.7, ,    16.8, ,    10.0, ,     2.1, ,    -1.2, ,     8.2, ,    -5.2, ,     7.7, ,    19.1, ,     9.6, 
 1987,    -4.6, ,    -3.0, ,     2.4, ,     7.9, ,    15.0, ,    20.1, ,    22.8, ,    20.2,E,    16.6, ,     7.5, ,     5.6, ,     0.7, ,     9.3,E,    -2.9, ,     8.4, ,    21.0,E,     9.9, 
 1988,    -4.7, ,    -5.7, ,     0.3, ,     6.6, ,    13.1, ,    18.6, ,    22.9, ,    22.2, ,    16.6, ,     7.5, ,     5.1, ,    -2.4, ,     8.3, ,    -3.2, ,     6.7, ,    21.2, ,     9.7, 
 1989,    -1.2, ,    -6.0, ,     0.0, ,     4.9, ,    11.9, ,    18.1, ,    21.0, ,    20.1, ,    15.1, ,    10.4, ,     2.4, ,    -9.3, ,     7.3, ,    -3.2, ,     5.6, ,    19.7, ,     9.3, 
 1990,    -0.2, ,    -2.5, ,     2.6, ,     8.2, ,    11.4, ,    17.6, ,    19.9, ,    19.7, ,    15.3, ,     9.7, ,     5.6, ,    -0.8, ,     8.9, ,    -4.0, ,     7.4, ,    19.1, ,    10.2, 
 1991,    -5.4, ,    -1.8, ,     2.1, ,     9.0, ,    16.2, ,    19.5, ,    21.5, ,    21.0, ,    15.6, ,    11.0, ,     2.6, ,    -1.8, ,     9.1, ,    -2.7, ,     9.1, ,    20.7, ,     9.7, 
 1992,    -3.5, ,    -2.1, ,    -0.3, ,     5.3, ,    11.5, ,    15.5, ,    18.4, ,    17.9, ,    15.2, ,     8.4, ,     3.7, ,    -0.4, ,     7.5, ,    -2.5, ,     5.5, ,    17.3, ,     9.1, 
 1993,    -3.1, ,    -7.2, ,    -1.9, ,     5.9, ,    12.0, ,    16.9, ,    21.5, ,    20.8, ,    13.7, ,     9.1, ,     3.2, ,    -2.2, ,     7.4, ,    -3.6, ,     5.3, ,    19.7, ,     8.7, 
 1994,   -10.6, ,    -7.2, ,     0.0, ,     7.8, ,    11.2, ,    18.1, ,    20.8, ,    18.2,E,    16.8, ,    11.1, ,     6.2, ,     0.2, ,     7.7,E,    -6.7, ,     6.3, ,    19.0,E,    11.4, 
 1995,    -3.2, ,    -5.8, ,     1.8, ,     4.6, ,    12.6, ,    18.8, ,    22.0, ,    22.1, ,    14.8,E,    11.5, ,     1.2, ,    -4.4, ,     8.0,E,    -2.9, ,     6.3, ,    21.0, ,     9.2,E
 1996,    -5.5, ,    -4.9, ,    -2.9, ,     4.8, ,    11.1, ,    18.5, ,    19.3, ,    20.1, ,    16.5, ,    10.5, ,     1.2, ,    -0.5, ,     7.4, ,    -4.9, ,     4.3, ,    19.3, ,     9.4, 
 1997,    -5.2, ,    -2.1, ,     0.7, ,     5.1, ,     8.8, ,    18.6, ,    20.1, ,    18.0, ,    16.0, ,    10.1, ,     2.5, ,    -0.8, ,     7.7, ,    -2.6, ,     4.9, ,    18.9, ,     9.5, 
 1998,    -1.1, ,     0.7, ,     2.5, ,     7.7, ,    16.0, ,    19.0, ,    21.2, ,    21.0, ,    18.4, ,    11.2, ,     5.9, ,     1.0, ,    10.3, ,    -0.4, ,     8.7, ,    20.4, ,    11.8, 
 1999,    -6.0, ,    -1.0, ,    -0.1, ,     8.1, ,    14.5, ,    19.8, ,    23.2, ,    19.6, ,    17.3, ,     9.8, ,     6.2, ,    -0.7, ,     9.2, ,    -2.0, ,     7.5, ,    20.9, ,    11.1, 
 2000,    -4.9, ,    -2.2, ,     4.7, ,     5.9, ,    14.6, ,    18.9, ,    18.9, ,    19.2, ,    15.9, ,    11.4, ,     4.1, ,    -7.8, ,     8.2, ,    -2.6, ,     8.4, ,    19.0, ,    10.5, 
 2001,    -3.8, ,    -2.8, ,    -0.3, ,     7.6, ,    13.7, ,    18.8, ,    21.0, ,    21.6, ,    15.4, ,    10.6, ,     7.6, ,     1.5, ,     9.2, ,    -4.8, ,     7.0, ,    20.5, ,    11.2, 
 2002,    -0.7, ,    -1.1, ,     0.3, ,     7.4, ,    10.7, ,    19.2, ,    22.9, ,    20.7, ,    19.5, ,     8.9, ,     3.4, ,    -2.3,E,     9.1,E,    -0.1, ,     6.1, ,    20.9, ,    10.6, 
 2003,    -7.3, ,    -6.9, ,    -1.0, ,     5.5, ,    10.6, ,    16.8, ,    20.6, ,    20.9, ,    16.5, ,     9.4, ,     5.4, ,    -0.3, ,     7.5, ,    -5.5,E,     5.0, ,    19.4, ,    10.4, 
 2004,    -8.0, ,    -3.8, ,     2.7, ,     7.2, ,    12.6, ,    17.1, ,    20.0, ,    18.6, ,    18.0, ,    10.6, ,     5.2, ,    -3.0, ,     8.1, ,    -4.0, ,     7.5, ,    18.6, ,    11.3, 
 2005, -9999.9,M, -9999.9,M, -9999.9,M, -9999.9,M, -9999.9,M, -9999.9,M, -9999.9,M, -9999.9,M,    18.7,E,    11.8,E,     5.6, ,    -3.4, , -9999.9,M, -9999.9,M, -9999.9,M, -9999.9,M,    12.0,E
 2006,     0.8, ,    -2.7, ,     1.3, ,     8.3, ,    14.1, ,    18.0,E,    22.5, ,    20.1, ,    15.4, ,     8.8, ,     5.6, ,     2.2, ,     9.5,E,    -1.8, ,     7.9, ,    20.2,E,     9.9, 
 2007,    -2.5, ,    -8.2, ,     2.1, ,     6.1, ,    14.0, ,    19.2, ,    20.5,E,    20.9, ,    18.0,E,    14.7,E,     3.3, ,    -2.1, ,     8.8,E,    -2.8, ,     7.4, ,    20.2,E,    12.0,E
 2008,    -1.9, ,    -5.5, ,    -1.2, ,     9.1, ,    11.3, ,    19.7, ,    21.2, ,    19.9, ,    17.4, ,     9.5,E,     3.2, ,    -3.1, ,     8.3,E,    -3.2, ,     6.4, ,    20.3, ,    10.0,E
 2009,    -9.0, ,    -3.0, ,     1.4, ,     7.8, ,    12.6, ,    16.8, ,    19.2, ,    20.3, ,    16.2, ,     9.3, ,     6.5, ,    -1.9, ,     8.0, ,    -5.0, ,     7.3, ,    18.8, ,    10.7, 
 2010,    -4.6, ,    -3.4, ,     3.4, ,     9.8, ,    15.2, ,    19.4,E,    22.9, ,    22.7, ,    16.7, ,    11.6, ,     4.5, ,    -3.5, ,     9.6,E,    -3.3, ,     9.5, ,    21.7,E,    10.9, 
 2011,    -6.6, ,    -5.1, ,    -0.9, ,     6.6, ,    13.4, ,    18.5, ,    23.6, ,    21.1,E,    16.9, ,    11.2,E,     6.9, ,     1.1, ,     8.9,E,    -5.1, ,     6.4, ,    21.1,E,    11.7,E
 2012,    -1.8, ,     0.0, ,     8.0,E,     6.6,E,    15.5, ,    20.2, ,    23.0,E,    20.7,E,    16.0,E,    10.5,E,     3.4,E,     1.3, ,    10.3,E,    -0.2, ,    10.0,E,    21.3,E,    10.0,E
 2013,    -2.8, ,    -4.1, ,     0.0, ,     6.0, ,    14.4, ,    18.2, ,    21.5, ,    20.0,E,    16.3, ,    12.0,E,     2.5, ,    -4.1,E,     8.3,E,    -1.9, ,     6.8, ,    19.9,E,    10.3,E
 2014,    -8.7, ,    -9.3, ,    -4.1, ,     6.4, ,    13.2,E,    18.7, ,    19.5, ,    19.8, ,    16.0, ,    10.7, ,     1.9, ,     0.5, ,     7.1,E,    -7.4,E,     5.2,E,    19.3, ,     9.5, 
 2015,    -7.3,E,   -12.0, ,    -1.3, ,     7.0, ,    14.8, ,    17.4, ,    20.4, ,    20.2,E,    19.6, ,    10.9, ,     7.6,E,     3.9, ,     8.4,E,    -6.3,E,     6.8, ,    19.3,E,    12.7,E
 2016,    -3.0, ,    -2.1, ,     3.9, ,     5.3,E,    13.5, ,    18.4, ,    22.3, ,    23.0, ,    18.4, ,    12.3, ,     7.0, ,    -2.1, ,     9.7,E,    -0.4, ,     7.6,E,    21.2, ,    12.6, 
 2017,    -1.4, ,     1.4, ,     0.8, ,     9.3, ,    12.6, ,    19.9, ,    21.5, ,    19.6, ,    17.8, ,    13.1, ,     3.6, ,    -4.0, ,     9.5, ,    -0.7, ,     7.6, ,    20.3, ,    11.5, 
 2018,    -5.1, ,    -2.3, ,    -0.6, ,     3.8, ,    15.6, ,    18.7,E,    21.7, ,    22.1, ,    18.0, ,    10.0, ,     1.6, ,     0.5, ,     8.7,E,    -3.8, ,     6.3, ,    20.8,E,     9.9, 
 2019,    -5.2, ,    -3.6, ,    -0.5, ,     7.0, ,    11.7, ,    17.2, ,    22.6, ,    20.7, ,    18.2, ,    10.2, ,     1.2, ,     0.8, ,     8.4, ,    -2.8, ,     6.1, ,    20.2, ,     9.9, 
