6142286,ELORA_RCS           ,ONT , station not joined, Monthly mean of homogenized daily mean temperature                     , Deg Celcius,          Updated to December 2019
6142286,ELORA_RCS           ,ONT , station non jointe, Moyenne mensuelle des temperatures quotidiennes moyennes homogeneisees , Deg Celsius, Mise a jour jusqu a decembre 2019
 Year,     Jan, ,     Feb, ,     Mar, ,     Apr, ,     May, ,     Jun, ,     Jul, ,     Aug, ,     Sep, ,     Oct, ,     Nov, ,     Dec, ,  Annual, ,  Winter, ,  Spring, ,  Summer, ,  Autumn
Annee,    Janv, ,     Fev, ,    Mars, ,     Avr, ,     Mai, ,    Juin, ,    Juil, ,    Aout, ,    Sept, ,     Oct, ,     Nov, ,     Dec, ,  Annuel, ,   Hiver, ,Printemp, ,     Ete, , Automne
 1969, -9999.9,M, -9999.9,M,    -4.1, ,     6.4, ,    11.4, ,    15.5, ,    19.3, ,    19.8, ,    14.9, ,     8.1, , -9999.9,M,    -6.8, , -9999.9,M, -9999.9,M,     4.6, ,    18.2, , -9999.9,M
 1970,   -11.7, ,    -8.4, ,    -4.9, ,     5.7, ,    12.3, ,    17.0, ,    19.8, ,    18.9, ,    14.7, ,     9.9, ,     2.9, ,    -6.0, ,     5.9, ,    -9.0, ,     4.4, ,    18.6, ,     9.2, 
 1971,   -10.1, ,    -6.3, ,    -5.3, ,     3.2, ,    11.2, ,    18.1, ,    18.0, ,    17.6, ,    16.5, ,    12.5, ,     1.6, ,    -2.3, ,     6.2, ,    -7.5, ,     3.0, ,    17.9, ,    10.2, 
 1972,    -7.4, ,    -9.1, ,    -5.4, ,     1.8, ,    13.6, ,    15.1, ,    19.0, ,    18.0, ,    15.0, ,     5.7, ,    -0.3, ,    -4.0, ,     5.2, ,    -6.3, ,     3.3, ,    17.4, ,     6.8, 
 1973,    -5.5, ,    -8.6, ,     2.4, ,     6.0, ,    10.2, ,    18.2, ,    20.1, ,    20.1, ,    14.7, ,    10.6, ,     2.7, ,    -5.0, ,     7.2, ,    -6.0, ,     6.2, ,    19.5, ,     9.3, 
 1974,    -6.7, ,    -9.1, ,    -2.5, ,     6.4, ,     9.7, ,    16.4, ,    19.2, ,    18.8, ,    12.7, ,     6.5, ,     2.0, ,    -3.0, ,     5.9, ,    -6.9, ,     4.5, ,    18.1, ,     7.1, 
 1975,    -5.2, ,    -5.6, ,    -4.6, ,     1.6, ,    15.2, ,    17.8, ,    19.5, ,    18.3, ,    12.1, ,     9.1, ,     5.4, ,    -6.2, ,     6.5, ,    -4.6, ,     4.1, ,    18.5, ,     8.9, 
 1976,   -10.9, ,    -4.5, ,    -0.8, ,     6.4, ,     9.7, ,    18.6, ,    18.3, ,    17.5, ,    13.4, ,     5.7, ,    -1.4, ,    -9.1, ,     5.2, ,    -7.2, ,     5.1, ,    18.1, ,     5.9, 
 1977,   -13.0, ,    -7.8, ,     1.3, ,     7.4, ,    14.5, ,    16.1, ,    19.9, ,    17.3, ,    14.4, ,     7.3, ,     2.9, ,    -5.6, ,     6.2, ,   -10.0, ,     7.7, ,    17.8, ,     8.2, 
 1978,   -10.3, ,   -12.0, ,    -5.9, ,     3.3, ,    13.0, ,    16.4, ,    19.3, ,    19.2, ,    14.2, ,     7.4, ,     1.8, ,    -4.7, ,     5.1, ,    -9.3, ,     3.5, ,    18.3, ,     7.8, 
 1979,    -9.5, ,   -12.8, ,     0.2, ,     3.9, ,    10.8, ,    16.7, ,    19.1,E,    17.5, ,    14.1, ,     7.4, ,     2.6, ,    -2.6, ,     5.6,E,    -9.0, ,     5.0, ,    17.8,E,     8.0, 
 1980,    -6.6, ,    -9.5, ,    -3.5, ,     5.6, ,    13.1, ,    14.3, ,    19.3, ,    19.9, ,    13.8, ,     5.5, ,     0.7, ,    -7.8, ,     5.4, ,    -6.2, ,     5.1, ,    17.8, ,     6.7, 
 1981,   -11.8, ,    -4.5, ,    -1.2, ,     6.3, ,    11.1, ,    16.8, ,    19.6, ,    18.4, ,    13.6, ,     5.9, ,     2.6, ,    -4.3, ,     6.0, ,    -8.0, ,     5.4, ,    18.3, ,     7.4, 
 1982,   -11.1, ,    -8.9, ,    -3.5, ,     3.9, ,    14.9, ,    14.9, ,    19.6, ,    16.5, ,    13.9, ,     9.1, ,     3.1, ,    -0.2, ,     6.0, ,    -8.1, ,     5.1, ,    17.0, ,     8.7, 
 1983,    -5.7, ,    -4.0, ,    -0.1, ,     4.5, ,     9.3, ,    17.3, ,    21.0, ,    19.9, ,    15.1, ,     8.2, ,     2.3, ,    -8.0, ,     6.7, ,    -3.3, ,     4.6, ,    19.4, ,     8.5, 
 1984,   -10.9, ,    -3.2, ,    -5.8, ,     6.4, ,     9.3, ,    17.3,E,    18.4, ,    19.6, ,    12.6, ,    10.2, ,     1.6, ,    -1.6, ,     6.2,E,    -7.4, ,     3.3, ,    18.4,E,     8.1, 
 1985,    -9.8, , -9999.9,M,    -1.6, ,     7.3, ,    12.7, ,    14.2, ,    18.2, ,    17.8, ,    15.5, ,     8.6, ,     1.9, ,    -6.2, , -9999.9,M, -9999.9,M,     6.1, ,    16.7, ,     8.7, 
 1986,    -7.2, ,    -7.6, ,    -0.5, ,     7.3,E,    13.6, ,    15.6, ,    19.5,E,    17.1, ,    13.7, ,     8.1, ,     0.3,E,    -3.2,E,     6.4,E,    -7.0, ,     6.8,E,    17.4,E,     7.4,E
 1987,    -6.6, ,    -7.3, ,    -0.2, ,     7.9, ,    13.9,E,    18.5, ,    20.8,E,    18.0, ,    14.9,E,     6.0, ,     2.3, ,    -2.0, ,     7.2,E,    -5.7,E,     7.2,E,    19.1,E,     7.7,E
 1988,    -7.1, ,    -8.3, ,    -2.4, ,     5.1, ,    13.4, ,    16.6, ,    21.4,E,    19.6, ,    13.8,E,     5.6, ,     3.4, ,    -4.9, ,     6.4,E,    -5.8, ,     5.4, ,    19.2,E,     7.6,E
 1989,    -3.8, ,    -8.1, ,    -3.4, ,     3.8, ,    11.9,E,    17.3,E,    20.1, ,    18.1, ,    14.3,E,     8.4, ,    -0.4, ,   -11.0, ,     5.6,E,    -5.6, ,     4.1,E,    18.5,E,     7.4,E
 1990,    -2.9, ,    -5.0, ,    -0.1, ,     7.4, ,    10.4, ,    16.8,E,    19.0,E,    18.2,E,    13.4,E,     7.7, ,     3.1, ,    -3.0, ,     7.1,E,    -6.3, ,     5.9, ,    18.0,E,     8.1,E
 1991,    -7.9, ,    -4.6,E,    -0.4, ,     7.1,E,    14.8,E, -9999.9,M,    19.1, ,    19.5, ,    13.8, ,     9.6, ,     1.2, ,    -4.0, , -9999.9,M,    -5.2,E,     7.2,E, -9999.9,M,     8.2, 
 1992,    -5.8, ,    -5.3, ,    -2.4, ,     4.7, ,    11.9, ,    15.1, ,    16.8, ,    16.7, ,    14.2,E,     6.5, ,     1.4, ,    -2.7, ,     5.9,E,    -5.0, ,     4.7, ,    16.2, ,     7.4,E
 1993,    -5.4, ,   -10.3, ,    -3.7, ,     5.8, ,    11.4, ,    16.6, ,    20.3, ,    19.7,E,    12.2, ,     6.9, ,     1.4, ,    -4.3, ,     5.9,E,    -6.1, ,     4.5, ,    18.9,E,     6.8, 
 1994,   -13.9, ,   -10.5, ,    -2.3, ,     6.3, ,    10.4, ,    18.1, ,    19.8, ,    17.3, ,    14.6, , -9999.9,M,     4.1, ,    -1.7, , -9999.9,M,    -9.6, ,     4.8, ,    18.4, , -9999.9,M
 1995,    -4.4, ,    -9.2, ,     0.5, ,     2.9, , -9999.9,M, -9999.9,M, -9999.9,M, -9999.9,M, -9999.9,M, -9999.9,M, -9999.9,M, -9999.9,M, -9999.9,M,    -5.1, , -9999.9,M, -9999.9,M, -9999.9,M
 1996, -9999.9,M, -9999.9,M,    -4.0, , -9999.9,M,    10.9, , -9999.9,M, -9999.9,M, -9999.9,M, -9999.9,M, -9999.9,M, -9999.9,M, -9999.9,M, -9999.9,M, -9999.9,M, -9999.9,M, -9999.9,M, -9999.9,M
 1997, -9999.9,M, -9999.9,M, -9999.9,M, -9999.9,M, -9999.9,M, -9999.9,M, -9999.9,M,    16.4,E,    14.1,E,     8.0,E,     1.1,E,    -2.4, , -9999.9,M, -9999.9,M, -9999.9,M, -9999.9,M,     7.7,E
 1998, -9999.9,M, -9999.9,M,     0.8, ,     7.2, ,    16.0, ,    17.3, , -9999.9,M,    19.8,E,    16.5, ,     9.7,E, -9999.9,M,    -2.6, , -9999.9,M, -9999.9,M,     8.0, , -9999.9,M, -9999.9,M
 1999,    -7.7,E,    -2.9, ,    -1.3, ,     6.7,E, -9999.9,M,    18.6, ,    21.2, ,    18.0, ,    15.8, ,     7.9, ,     3.8, ,    -2.4, , -9999.9,M,    -4.4,E, -9999.9,M,    19.3, ,     9.2, 
 2000,    -7.2, ,    -4.3, ,     3.1, ,     5.3, ,    13.2, ,    17.2, ,    18.1,E,    17.8, ,    13.8, ,     9.6,E,     1.8, , -9999.9,M, -9999.9,M,    -4.6, ,     7.2, ,    17.7,E,     8.4,E
 2001,    -5.4, ,    -5.2,E,    -2.6, ,     6.9, ,    13.3, ,    18.0, ,    18.6, ,    20.3, ,    14.3, ,     8.8, ,     5.9, ,    -0.2, ,     7.7,E, -9999.9,M,     5.9, ,    19.0, ,     9.7, 
 2002,    -2.6,E,    -3.7, ,    -0.9, ,     6.4, ,     9.4,E,    17.7, ,    21.4, ,    19.9, ,    17.7, ,     7.3, ,     1.2, ,    -4.1, ,     7.5,E,    -2.2,E,     5.0,E,    19.7, ,     8.7, 
 2003,    -9.9, ,    -9.1, ,    -2.3, ,     4.5,E,    11.3, ,    17.0, ,    19.2, ,    20.2,E,    14.7,E,     7.2,E,     3.4,E,    -2.5, ,     6.1,E,    -7.7, ,     4.5,E,    18.8,E,     8.4,E
 2004,   -10.8, ,    -6.0, ,    -0.1, ,     6.0, ,    12.1, ,    15.9, ,    18.8, ,    16.9, ,    16.1,E,     8.9, ,     3.3, ,    -5.1, ,     6.3,E,    -6.4, ,     6.0, ,    17.2, ,     9.4,E
 2005,    -8.4, ,    -6.6, ,    -4.7, ,     6.1, ,    10.1, ,    20.3, ,    20.4, ,    19.6, ,    16.2, ,     9.3, ,     2.9, ,    -5.7, ,     6.6, ,    -6.7, ,     3.8, ,    20.1, ,     9.5, 
 2006,    -2.0, ,    -6.2, ,    -1.0, ,     6.9, ,    12.6, ,    17.5, ,    20.5, ,    17.4,E,    13.2, ,     6.8, ,     3.8, ,    -0.5, ,     7.4,E,    -4.6, ,     6.2, ,    18.5,E,     7.9, 
 2007,    -5.3, ,   -10.8, ,    -1.6,E,     4.1, ,    12.9,E,    18.2, ,    18.4, ,    18.9, ,    15.9, ,    11.8,E,     0.3, ,    -4.9, ,     6.5,E,    -5.5, ,     5.1,E,    18.5, ,     9.3,E
 2008,    -4.7, , -9999.9,M,    -5.2, ,     7.5, ,     9.9, ,    17.6, ,    19.1, ,    17.2, ,    14.8, ,     7.2,E,     0.7, ,    -5.6, , -9999.9,M, -9999.9,M,     4.1, ,    18.0, ,     7.6,E
 2009,   -11.7, ,    -6.1, ,    -0.7, ,     6.1, ,    11.5, ,    15.8, ,    16.6, ,    17.9, ,    14.6, ,     6.8, ,     4.6,E,    -4.5, ,     5.9,E,    -7.8, ,     5.6, ,    16.8, ,     8.7,E
 2010,    -7.2, ,    -5.8, ,     2.2, ,     8.8, ,    13.8, ,    16.9,E,    20.2, ,    19.4, ,    14.1, ,     8.5,E,     2.9,E,    -6.3, ,     7.3,E,    -5.8, ,     8.3, ,    18.8,E,     8.5,E
 2011,   -10.2, ,    -7.9,E,    -3.4,E,     5.5, ,    12.6, ,    16.5,E,    21.4, ,    19.0,E,    15.0, ,     8.9, ,     4.8, ,    -1.3, ,     6.7,E,    -8.1,E,     4.9,E,    19.0,E,     9.6, 
 2012,    -3.9, ,    -2.5, ,     5.5, ,     5.3, ,    14.7, ,    18.3, ,    21.3,E,    18.6, ,    13.8, ,     8.6,E,     1.5,E,    -0.7, ,     8.4,E,    -2.6, ,     8.5, ,    19.4,E,     8.0,E
 2013,    -4.8,E,    -7.4,E,    -1.6, ,     4.9, ,    13.5,E,    17.1, ,    19.7,E,    17.9,E,    14.0, ,     9.7, ,     0.0, , -9999.9,M, -9999.9,M,    -4.3,E,     5.6,E,    18.2,E,     7.9, 
 2014, -9999.9,M,   -11.7, ,    -6.1, , -9999.9,M,    12.3,E,    18.2, ,    17.1, ,    17.4, ,    14.1, ,     8.7, ,    -0.4, ,    -1.9, , -9999.9,M, -9999.9,M, -9999.9,M,    17.6, ,     7.5, 
 2015,    -9.7,E,   -15.4, ,    -4.5, ,     5.4, ,    14.7, ,    16.3, ,    18.5, ,    17.6,E,    17.3, ,     8.0, ,     4.6,E,     2.5, ,     6.3,E,    -9.0,E,     5.2, ,    17.5,E,    10.0,E
 2016,    -6.2,E,    -4.3, ,     1.0, ,     3.7,E,    12.6, ,    16.9, ,    20.1, ,    20.4, ,    16.5, ,     9.7, ,     4.8, ,    -4.0, ,     7.6,E,    -2.7,E,     5.8,E,    19.1, ,    10.3, 
 2017,    -4.4, ,    -2.3, ,    -2.8, ,     7.7, ,    10.0,E,    17.4, ,    18.7, ,    16.9, ,    16.0, ,    10.9, ,     1.2, ,    -7.2, ,     6.8,E,    -3.6, ,     5.0,E,    17.7, ,     9.4, 
 2018,    -8.1, ,    -4.7,E,    -1.7, ,     1.3, ,    15.5, ,    17.5, ,    20.1, ,    20.2, ,    16.5, ,     7.3, ,    -0.7, ,    -2.2, ,     6.8,E,    -6.7,E,     5.0, ,    19.3, ,     7.7, 
 2019,    -8.8, ,    -6.4, ,    -3.3, ,     4.6, ,    10.8, ,    16.5, , -9999.9,M,    18.2, ,    15.0, ,     8.5, ,    -1.0, ,    -2.8, , -9999.9,M,    -5.8, ,     4.0, , -9999.9,M,     7.5, 
