6142803,GLEN_ALLAN          ,ONT , station not joined, Monthly mean of homogenized daily mean temperature                     , Deg Celcius,          Updated to December 2019
6142803,GLEN_ALLAN          ,ONT , station non jointe, Moyenne mensuelle des temperatures quotidiennes moyennes homogeneisees , Deg Celsius, Mise a jour jusqu a decembre 2019
 Year,     Jan, ,     Feb, ,     Mar, ,     Apr, ,     May, ,     Jun, ,     Jul, ,     Aug, ,     Sep, ,     Oct, ,     Nov, ,     Dec, ,  Annual, ,  Winter, ,  Spring, ,  Summer, ,  Autumn
Annee,    Janv, ,     Fev, ,    Mars, ,     Avr, ,     Mai, ,    Juin, ,    Juil, ,    Aout, ,    Sept, ,     Oct, ,     Nov, ,     Dec, ,  Annuel, ,   Hiver, ,Printemp, ,     Ete, , Automne
 1958, -9999.9,M, -9999.9,M, -9999.9,M, -9999.9,M, -9999.9,M, -9999.9,M, -9999.9,M,    18.5, ,    14.6, ,     8.7, ,     2.6, ,    -9.4, , -9999.9,M, -9999.9,M, -9999.9,M, -9999.9,M,     8.6, 
 1959,    -9.4, ,    -9.7, ,    -4.8, ,     5.2, ,    12.9, ,    17.5, ,    20.0, ,    21.4, ,    16.5, ,     8.2, ,    -0.2, ,    -3.2, ,     6.2, ,    -9.5, ,     4.4, ,    19.6, ,     8.2, 
 1960,    -6.5, ,    -6.8, ,    -9.2, ,     6.0, ,    12.2, ,    16.0, ,    18.4, ,    19.1, ,    16.3, ,     8.4, ,     3.5, ,    -7.5, ,     5.8, ,    -5.5, ,     3.0, ,    17.8, ,     9.4, 
 1961,   -10.6, ,    -5.6, ,    -1.2, ,     2.9, ,     9.8, ,    16.3, ,    19.3, ,    18.9, ,    18.0, ,    10.3, ,     2.0, ,    -4.8, ,     6.3, ,    -7.9, ,     3.8, ,    18.2, ,    10.1, 
 1962,    -9.6, ,    -9.9, ,    -3.2, ,     5.8, ,    14.4, ,    16.8, ,    18.0, ,    18.6, ,    13.4, ,     9.4, ,     1.5, ,    -6.5, ,     5.7, ,    -8.1, ,     5.7, ,    17.8, ,     8.1, 
 1963,   -11.3, ,   -11.6, ,    -2.2, ,     5.7, ,    10.3, ,    17.2, ,    19.6, ,    16.8, ,    13.0, ,    13.1, ,     4.4, ,    -8.9, ,     5.5, ,    -9.8, ,     4.6, ,    17.9, ,    10.2, 
 1964,    -5.9, ,    -7.3, ,    -2.5, ,     4.9, ,    13.2, ,    16.6, ,    20.6, ,    16.1, ,    14.1, ,     7.0, ,     3.0, ,    -4.3, ,     6.3, ,    -7.4, ,     5.2, ,    17.8, ,     8.0, 
 1965,    -8.5, ,    -7.5, ,    -4.9, ,     1.9, ,    13.6, ,    16.3, , -9999.9,M, -9999.9,M,    15.5, ,     6.9, ,     1.8, ,    -2.3, , -9999.9,M,    -6.8, ,     3.5, , -9999.9,M,     8.1, 
 1966,    -8.8, ,    -5.8, ,    -0.7, ,     3.6, ,     8.6, ,    17.5, ,    20.7, ,    18.6, ,    13.5, ,     7.4, ,     2.8, ,    -4.5, ,     6.1, ,    -5.6, ,     3.8, ,    18.9, ,     7.9, 
 1967,    -4.7, ,   -10.1, ,    -3.7, ,     5.2, ,     8.1, ,    19.3, ,    18.1, ,    17.1, ,    13.6, ,     8.1, ,    -0.5, ,    -3.6, ,     5.6, ,    -6.4, ,     3.2, ,    18.2, ,     7.1, 
 1968,    -9.5, ,    -9.6, ,    -0.5, ,     7.3, ,     9.9, ,    16.5, ,    18.7, ,    18.8, ,    16.6, ,     9.9, ,     1.9, ,    -5.7, ,     6.2, ,    -7.6, ,     5.6, ,    18.0, ,     9.5, 
 1969,    -7.1, ,    -7.2, ,    -4.6, ,     6.2, ,    11.0, ,    15.3, ,    19.5, ,    20.1, ,    15.4, ,     8.1, ,     1.9, ,    -7.0, ,     6.0, ,    -6.7, ,     4.2, ,    18.3, ,     8.5, 
 1970,   -11.5, ,    -8.5, ,    -5.2, ,     5.4, ,    12.3, ,    17.2, ,    20.1, ,    19.3, ,    14.7, ,     9.8, ,     3.0, ,    -5.7, ,     5.9, ,    -9.0, ,     4.2, ,    18.9, ,     9.2, 
 1971,    -9.9, ,    -6.5, ,    -5.6, ,     2.9, ,    11.1, ,    18.3, ,    18.3, ,    17.9, ,    17.0, ,    12.4, ,     1.6, ,    -2.3, ,     6.3, ,    -7.4, ,     2.8, ,    18.2, ,    10.3, 
 1972,    -7.7, ,    -9.1, ,    -5.7, ,     1.6, ,    13.8, ,    14.9, ,    19.2, ,    18.3, ,    15.3, ,     5.9, ,    -0.2, ,    -4.2, ,     5.2, ,    -6.4, ,     3.2, ,    17.5, ,     7.0, 
 1973,    -5.8, ,    -8.9, ,     2.2, ,     6.1, ,    10.3, ,    18.1, ,    20.2, ,    20.5, ,    15.0, ,    10.7, ,     2.2, ,    -5.0, ,     7.1, ,    -6.3, ,     6.2, ,    19.6, ,     9.3, 
 1974,    -6.3, ,    -9.2, ,    -2.9, ,     6.2, ,     9.6, ,    16.5, ,    19.4, ,    19.3, ,    13.2, ,     7.1, ,     2.1, ,    -3.0, ,     6.0, ,    -6.8, ,     4.3, ,    18.4, ,     7.5, 
 1975,    -5.5, ,    -5.5, ,    -4.5, ,     0.8, ,    15.4, ,    18.1, ,    20.1, ,    18.9, ,    12.6, ,     9.6, ,     5.9, ,    -5.7, ,     6.7, ,    -4.7, ,     3.9, ,    19.0, ,     9.4, 
 1976,   -10.7, ,    -4.0, ,    -0.7, ,     6.5, ,    10.3, ,    18.6, ,    18.8, ,    17.9, ,    13.7, ,     5.6, ,    -1.7, ,    -9.5, ,     5.4, ,    -6.8, ,     5.4, ,    18.4, ,     5.9, 
 1977,   -12.8, ,    -7.8, ,     1.0, ,     7.2, , -9999.9,M,    15.9, ,    20.2, ,    17.8, ,    15.0, ,     7.7, ,     2.9, ,    -5.7, , -9999.9,M,   -10.0, , -9999.9,M,    18.0, ,     8.5, 
 1978,    -9.4, ,   -12.0, ,    -5.6, ,     3.1, ,    13.0, ,    16.6, ,    19.5, ,    19.6, ,    14.5, ,     7.8, ,     2.5, ,    -4.3, ,     5.4, ,    -9.0, ,     3.5, ,    18.6, ,     8.3, 
 1979,    -9.2, ,   -12.3, ,     0.2, ,     4.2, ,    11.4, ,    17.1, ,    19.6, ,    18.0, ,    15.0, ,     7.9, ,     2.9, ,    -2.4, ,     6.0, ,    -8.6, ,     5.3, ,    18.2, ,     8.6, 
 1980,    -6.1, ,    -9.7, ,    -3.5, ,     5.6, ,    13.3, ,    14.6, ,    19.8, ,    20.6, ,    14.5, ,     5.8, ,     0.7, ,    -7.1, ,     5.7, ,    -6.1, ,     5.1, ,    18.3, ,     7.0, 
 1981,   -11.3, ,    -4.0, ,    -1.4, ,     6.4, ,    11.2, ,    17.1, ,    20.0, ,    18.9, ,    13.8, ,     5.8, ,     2.5, ,    -4.4,E,     6.2,E,    -7.5, ,     5.4, ,    18.7, ,     7.4, 
 1982,   -11.0,E,    -8.7, ,    -3.3, ,     3.6, ,    15.4, ,    15.1, ,    19.8, ,    16.9, ,    14.3, ,     9.3, ,     3.2, ,    -0.4, ,     6.2,E,    -8.0,E,     5.2, ,    17.3, ,     8.9, 
 1983,    -5.6, ,    -4.0, ,     0.3, ,     4.6, ,     9.6, ,    17.7, ,    21.1, ,    19.8, ,    15.5, ,     8.5, ,     2.4, ,    -7.7, ,     6.9, ,    -3.3, ,     4.8, ,    19.5, ,     8.8, 
 1984,   -10.7, ,    -2.9, ,    -5.5,E,     6.7,E,     9.6, ,    17.6,E,    18.8, ,    19.8, ,    13.2, ,    10.3, ,     1.9, ,    -1.3, ,     6.5,E,    -7.1, ,     3.6,E,    18.7,E,     8.5, 
 1985,    -8.7, ,    -7.1, ,    -1.6, ,     7.1, ,    13.2,E,    15.1, ,    18.9, ,    18.1,E,    15.9,E,     9.0, ,     2.2, ,    -6.4, ,     6.3,E,    -5.7, ,     6.2,E,    17.4,E,     9.0,E
 1986,    -6.9, ,    -7.3, ,    -0.9, ,     7.3,E,    13.7, ,    15.5, ,    19.6, ,    17.3, ,    13.8,E,     8.0,E,     0.1,E,    -3.6,E,     6.4,E,    -6.9, ,     6.7,E,    17.5, ,     7.3,E
 1987,    -6.9, ,    -7.4, ,    -0.3, ,     8.0, ,    14.0, ,    18.2, ,    21.2, ,    18.4,E,    15.2, ,     6.0, ,     2.1,E,    -2.1, ,     7.2,E,    -6.0,E,     7.2, ,    19.3,E,     7.8,E
 1988,    -7.5,E,    -8.3,E,    -2.7, ,     5.4,E,    13.7, ,    16.7, ,    21.7,E,    20.3, ,    14.3,E,     5.4, ,     3.3, ,    -5.0,E,     6.4,E,    -6.0,E,     5.5,E,    19.6,E,     7.7,E
 1989,    -4.0, ,    -8.3, ,    -3.4, ,     3.8, ,    11.7, ,    17.4,E,    20.3, ,    18.4, ,    14.3, ,     8.5, ,     0.2, ,   -11.3, ,     5.6,E,    -5.8,E,     4.0, ,    18.7,E,     7.7, 
 1990,    -2.8, ,    -5.0, ,     0.0, ,     7.4, ,    10.7, ,    16.8, ,    19.4, ,    18.7, ,    14.2, ,     7.9, ,     3.5,E, -9999.9,M, -9999.9,M,    -6.4, ,     6.0, ,    18.3, ,     8.5,E
 1991,    -7.6, ,    -4.4, ,    -0.3,E,     7.8, ,    16.1, ,    18.8,E,    19.8, ,    19.8, ,    13.8, ,     9.4, ,     1.1, ,    -4.0,E,     7.5,E, -9999.9,M,     7.9,E,    19.5,E,     8.1, 
 1992,    -5.9, ,    -5.7, ,    -2.8, ,     4.4, ,    11.9,E,    15.2, ,    16.7, ,    16.8, ,    14.4, ,     6.7, ,     1.2, ,    -2.7, ,     5.9,E,    -5.2,E,     4.5,E,    16.2, ,     7.4, 
 1993,    -5.3, ,   -10.6, ,    -3.7, ,     5.6, ,    11.6, ,    16.1, ,    19.9, ,    19.6, ,    12.1, ,     6.9, ,     1.4, ,    -4.3, ,     5.8, ,    -6.2, ,     4.5, ,    18.5, ,     6.8, 
 1994,   -13.7, ,   -10.2, ,    -2.6, ,     6.2, ,    10.4, ,    17.8, ,    19.5, ,    17.3, ,    14.8, ,     9.2, ,     3.8, ,    -1.9, ,     5.9, ,    -9.4, ,     4.7, ,    18.2, ,     9.3, 
 1995,    -4.5, ,    -9.3, ,    -0.1, ,     2.5, ,    11.8, ,    19.0, ,    20.0, ,    21.0, ,    13.2, ,     9.4, ,    -1.3, ,    -6.7, ,     6.3, ,    -5.2, ,     4.7, ,    20.0, ,     7.1, 
 1996,    -8.7, ,    -7.4,E,    -4.3, ,     2.8, ,    10.8, ,    17.8, ,    18.0, ,    18.9, ,    14.6, ,     7.9, ,    -0.8, ,    -2.3, ,     5.6,E,    -7.6,E,     3.1, ,    18.2, ,     7.2, 
 1997,    -8.1, ,    -5.1, ,    -2.7, ,     4.2, ,     7.7, ,    18.6, ,    18.6, ,    16.7,E,    14.4, ,     8.0, ,     0.9, ,    -2.7,E,     5.9,E,    -5.2, ,     3.1, ,    18.0,E,     7.8, 
 1998,    -3.5, ,    -2.5, ,     0.3, ,     7.1, ,    16.2, ,    17.3,E,    19.7, ,    20.1, ,    16.7, ,     9.7, ,     3.3, ,    -0.7, ,     8.6,E,    -2.9,E,     7.9, ,    19.0,E,     9.9, 
 1999,    -7.8, ,    -3.3, ,    -1.7, ,     6.8, ,    14.3, ,    18.7, ,    21.4, ,    18.2, ,    16.0, ,     8.1,E,     3.7, ,    -2.6, ,     7.7,E,    -3.9, ,     6.5, ,    19.4, ,     9.3,E
 2000,    -7.3, ,    -4.4,E,     2.8, ,     5.1, ,    13.1, ,    17.1, ,    18.0, ,    18.1, ,    14.5, ,    10.0, ,     1.6, ,    -9.4, ,     6.6,E,    -4.8,E,     7.0, ,    17.7, ,     8.7, 
 2001,    -5.7, ,    -5.3, ,    -2.9, ,     6.5, ,    13.4,E,    17.6, ,    18.8,E,    20.5, ,    14.2, ,     8.7, ,     5.8,E,    -0.5,E,     7.6,E,    -6.8, ,     5.7,E,    19.0,E,     9.6,E
 2002,    -2.9,E,    -4.0, ,    -1.5,E,     6.2,E,    10.0,E,    18.1, ,    21.6, ,    20.0, ,    18.0, ,     7.5,E,     1.0, ,    -4.2, ,     7.5,E,    -2.5,E,     4.9,E,    19.9, ,     8.8,E
 2003,    -9.9, ,    -9.3, ,    -2.4, ,     4.7,E,    11.2, ,    16.9,E,    19.7,E,    20.3, ,    15.7, ,     7.9,E,     3.7,E,    -2.2,E,     6.4,E,    -7.8, ,     4.5,E,    19.0,E,     9.1,E
 2004,   -10.5, ,    -5.8,E,     0.0,E,     6.4,E,    12.4, ,    16.8,E,    19.4, ,    17.8, ,    17.1, ,     9.4, ,     3.5,E,    -4.9, ,     6.8,E,    -6.2,E,     6.3,E,    18.0,E,    10.0,E
 2005,    -8.3, ,    -5.9,E,    -3.9, ,     6.6,E,    10.8, ,    20.7,E,    21.6, ,    20.7,E,    17.3,E,    10.0,E,     3.4, ,    -5.0, ,     7.3,E,    -6.4,E,     4.5,E,    21.0,E,    10.2,E
 2006,    -1.8, ,    -6.2, ,    -1.0, ,     7.5, ,    13.3, ,    18.1, ,    21.7, ,    19.2, ,    14.2,E,     7.6, ,     4.2, ,     0.1,E,     8.1,E,    -4.3, ,     6.6, ,    19.7, ,     8.7,E
 2007,    -4.7, ,    -9.7, ,    -0.8, ,     4.8, ,    13.7, ,    19.0, ,    19.2, ,    20.1, ,    17.0, ,    12.9, ,     1.2, ,    -4.5, ,     7.4, ,    -4.8,E,     5.9, ,    19.4, ,    10.4, 
 2008, -9999.9,M,    -7.3, ,    -3.7, ,     8.2, ,    10.3, ,    18.4, ,    20.2, ,    18.6, ,    16.0, ,     8.0, ,     1.4, ,    -4.9, , -9999.9,M, -9999.9,M,     4.9, ,    19.1, ,     8.5, 
 2009,   -10.5, ,    -5.9, ,     0.0, ,     6.6, ,    12.4, ,    16.6, ,    17.5, ,    19.3, ,    15.9, ,     7.5, ,     5.3, ,    -4.1, ,     6.7, ,    -7.1, ,     6.3, ,    17.8, ,     9.6, 
 2010,    -6.9, ,    -5.3, ,     2.1, , -9999.9,M,    14.7, ,    18.0, ,    21.7, ,    21.0, ,    15.0, ,     9.4, ,     3.3, ,    -5.3, , -9999.9,M,    -5.4, , -9999.9,M,    20.2, ,     9.2, 
 2011,    -8.9, ,    -6.7, , -9999.9,M,     6.0, ,    13.7, ,    17.6, ,    22.7, ,    20.5, ,    16.0, ,     9.7, ,     5.6, ,    -0.9, , -9999.9,M,    -7.0, , -9999.9,M,    20.3, ,    10.4, 
 2012,    -4.0, ,    -2.2, ,     6.3, ,     6.1, ,    15.8, ,    19.1, ,    22.3, ,    20.3, ,    15.0, ,     8.9, ,     1.9, ,    -0.7, ,     9.1, ,    -2.4, ,     9.4, ,    20.6, ,     8.6, 
 2013,    -4.7, ,    -6.3, ,    -2.3, ,     4.4, ,    14.0, ,    17.6, ,    20.5, ,    18.8, ,    14.8, ,    10.1, ,     0.4, ,    -5.2, ,     6.8, ,    -3.9, ,     5.4, ,    19.0, ,     8.4, 
