6143089,GUELPH              ,ONT , station not joined, Monthly mean of homogenized daily mean temperature                     , Deg Celcius,          Updated to December 2019
6143089,GUELPH              ,ONT , station non jointe, Moyenne mensuelle des temperatures quotidiennes moyennes homogeneisees , Deg Celsius, Mise a jour jusqu a decembre 2019
 Year,     Jan, ,     Feb, ,     Mar, ,     Apr, ,     May, ,     Jun, ,     Jul, ,     Aug, ,     Sep, ,     Oct, ,     Nov, ,     Dec, ,  Annual, ,  Winter, ,  Spring, ,  Summer, ,  Autumn
Annee,    Janv, ,     Fev, ,    Mars, ,     Avr, ,     Mai, ,    Juin, ,    Juil, ,    Aout, ,    Sept, ,     Oct, ,     Nov, ,     Dec, ,  Annuel, ,   Hiver, ,Printemp, ,     Ete, , Automne
 1881, -9999.9,M, -9999.9,M, -9999.9,M, -9999.9,M,    15.8, ,    14.6, ,    21.5, ,    21.3, ,    20.8, ,    10.0, ,     2.1, , -9999.9,M, -9999.9,M, -9999.9,M, -9999.9,M,    19.1, ,    11.0, 
 1882,    -5.4, ,    -1.8, ,    -0.8, ,     4.4, ,     9.2, ,    16.0, ,    19.5, ,    19.7, ,    16.1, ,    12.6, ,     2.6, ,    -4.1, ,     7.3, , -9999.9,M,     4.3, ,    18.4, ,    10.4, 
 1883,    -9.5, ,    -8.4, ,    -6.1, ,     4.6, ,    10.6, ,    19.0, ,    20.0, ,    18.2, ,    12.9, ,     7.0, ,     2.3, ,    -4.1, ,     5.5, ,    -7.3, ,     3.0, ,    19.1, ,     7.4, 
 1884,   -11.0, ,    -5.8, ,    -3.4, ,     4.6, ,    11.3, ,    19.5, ,    18.1, ,    19.3, ,    17.0, ,     9.2, ,     1.3, ,    -4.9, ,     6.3, ,    -7.0, ,     4.2, ,    19.0, ,     9.2, 
 1885,    -9.5, ,   -12.8, ,    -8.1, ,     3.7, ,    12.4, ,    16.4, ,    20.8, ,    17.1, , -9999.9,M,     6.2, ,     2.8, ,    -2.2, , -9999.9,M,    -9.1, ,     2.7, ,    18.1, , -9999.9,M
 1886,    -8.5, ,    -8.1, ,    -2.3, ,     7.7, ,    12.4, ,    16.5, ,    19.3, ,    18.9, ,    15.0, ,     9.2, ,     1.0, ,    -7.9, ,     6.1, ,    -6.3, ,     5.9, ,    18.2, ,     8.4, 
 1887,    -9.3, ,    -7.1, ,    -4.8, ,     4.4, ,    16.0, ,    18.2, ,    23.1, ,    18.4, ,    13.4, ,     6.4, ,     1.0, ,    -3.3, ,     6.4, ,    -8.1, ,     5.2, ,    19.9, ,     6.9, 
 1888,   -10.7, ,    -7.2, ,    -6.6, ,     4.0, ,    10.5, ,    18.3, ,    19.5, ,    18.8, ,    13.5, ,     5.8, ,     2.8, ,    -2.4, ,     5.5, ,    -7.1, ,     2.6, ,    18.9, ,     7.4, 
 1889,    -4.3, ,   -10.2, ,    -0.1, ,     6.3, ,    12.8, ,    15.8, ,    18.4, ,    18.3, ,    15.7, ,     5.1, ,     2.7, ,     0.4, ,     6.7, ,    -5.6, ,     6.3, ,    17.5, ,     7.8, 
 1890, -9999.9,M,    -3.2, , -9999.9,M,     6.1, ,     9.8, ,    19.4, ,    19.9, ,    18.0, ,    14.4, ,     9.5, ,     2.5, ,    -5.7, , -9999.9,M, -9999.9,M, -9999.9,M,    19.1, ,     8.8, 
 1891,    -4.4, ,    -3.3, ,    -2.8, ,     6.6, ,    12.0, ,    18.9, ,    18.2, ,    19.8, ,    16.9, ,     8.5, ,     1.9, ,    -1.2, ,     7.6, ,    -4.5, ,     5.3, ,    19.0, ,     9.1, 
 1892, -9999.9,M,    -3.6, ,    -4.6, ,     3.3, ,     9.8, ,    17.6, ,    18.2, ,    17.8, ,    13.8, ,     7.4, ,    -0.9, ,    -6.2, , -9999.9,M, -9999.9,M,     2.8, ,    17.9, ,     6.8, 
 1893,   -12.6, ,   -10.3, ,    -3.9, ,     2.2, ,     9.3, ,    18.1, ,    18.8, ,    17.9, ,    14.2, ,     9.8, ,     2.1, ,    -6.0, ,     5.0, ,    -9.7, ,     2.5, ,    18.3, ,     8.7, 
 1894, -9999.9,M, -9999.9,M, -9999.9,M, -9999.9,M, -9999.9,M, -9999.9,M, -9999.9,M, -9999.9,M, -9999.9,M, -9999.9,M, -9999.9,M, -9999.9,M, -9999.9,M, -9999.9,M, -9999.9,M, -9999.9,M, -9999.9,M
 1895, -9999.9,M, -9999.9,M, -9999.9,M, -9999.9,M, -9999.9,M, -9999.9,M, -9999.9,M, -9999.9,M, -9999.9,M, -9999.9,M, -9999.9,M, -9999.9,M, -9999.9,M, -9999.9,M, -9999.9,M, -9999.9,M, -9999.9,M
 1896, -9999.9,M, -9999.9,M, -9999.9,M, -9999.9,M, -9999.9,M, -9999.9,M, -9999.9,M, -9999.9,M, -9999.9,M, -9999.9,M, -9999.9,M, -9999.9,M, -9999.9,M, -9999.9,M, -9999.9,M, -9999.9,M, -9999.9,M
 1897, -9999.9,M, -9999.9,M, -9999.9,M, -9999.9,M, -9999.9,M, -9999.9,M, -9999.9,M, -9999.9,M, -9999.9,M, -9999.9,M, -9999.9,M, -9999.9,M, -9999.9,M, -9999.9,M, -9999.9,M, -9999.9,M, -9999.9,M
 1898, -9999.9,M, -9999.9,M, -9999.9,M, -9999.9,M, -9999.9,M, -9999.9,M, -9999.9,M, -9999.9,M, -9999.9,M, -9999.9,M, -9999.9,M,    -5.2, , -9999.9,M, -9999.9,M, -9999.9,M, -9999.9,M, -9999.9,M
 1899,    -6.9, ,    -9.1, ,    -4.1, ,     7.5, ,    13.1, ,    18.7, ,    20.2, ,    20.8, ,    13.4, ,    11.3, ,     4.0, ,    -3.0, ,     7.2, ,    -7.1, ,     5.5, ,    19.9, ,     9.6, 
 1900,    -5.0, ,    -7.5, ,    -5.1, ,     6.9, ,    12.9, ,    18.2, ,    20.6, ,    22.8, ,    17.5, ,    13.2, ,     2.2, ,    -3.2, ,     7.8, ,    -5.2, ,     4.9, ,    20.5, ,    11.0, 
 1901,    -6.3, ,   -10.8, ,    -3.7, ,     7.2, ,    12.5, ,    18.2, ,    22.7, ,    19.5, ,    15.4, ,     8.1, ,     0.0, ,    -5.2, ,     6.5, ,    -6.8, ,     5.3, ,    20.1, ,     7.8, 
 1902,    -7.8, ,    -8.1, ,     1.7, ,     6.0, ,    11.5, ,    14.7, ,    19.9, ,    17.4, ,    15.0, ,     7.9, ,     5.2, ,    -6.1, ,     6.4, ,    -7.0, ,     6.4, ,    17.3, ,     9.4, 
 1903,    -7.4, ,    -5.9, ,     3.8, ,     5.4, ,    13.9, ,    15.5, ,    20.8, ,    17.1, ,    15.4, ,     9.8, ,     0.5, ,    -7.6, ,     6.8, ,    -6.5, ,     7.7, ,    17.8, ,     8.6, 
 1904,   -11.4, ,   -13.0, ,    -4.1, ,     3.2, ,    13.5, ,    17.2, ,    18.7, ,    17.5, ,    14.6, ,     7.4, ,     1.1, ,    -7.1, ,     4.8, ,   -10.7, ,     4.2, ,    17.8, ,     7.7, 
 1905,    -9.1, ,   -10.0, ,    -1.3, ,     5.3, ,    11.9, ,    17.3, ,    20.0, ,    19.1, ,    16.5, ,     9.0, ,     1.1, ,    -1.9, ,     6.5, ,    -8.7, ,     5.3, ,    18.8, ,     8.9, 
 1906,    -1.9, ,    -6.3, ,    -4.4, ,     7.0, ,    13.1, ,    18.5, ,    19.9, ,    20.9, ,    17.6, ,     8.8, ,     1.5, , -9999.9,M, -9999.9,M,    -3.4, ,     5.2, ,    19.8, ,     9.3, 
 1907,    -6.2, ,    -9.3, ,     0.2, ,     2.8, ,     9.3, ,    17.3, ,    19.8, ,    18.7, ,    13.8, ,     7.5, ,     4.4, ,    -1.4, ,     6.4, , -9999.9,M,     4.1, ,    18.6, ,     8.6, 
 1908,    -6.2, ,    -8.5, ,    -0.1, ,     3.8, ,    13.3, ,    18.6, ,    20.9, ,    18.4, ,    18.0, ,    10.5, ,     3.1, ,    -3.7, ,     7.3, ,    -5.4, ,     5.7, ,    19.3, ,    10.5, 
 1909,    -4.8, ,    -4.1, ,    -2.8, ,     4.6, ,    11.7, ,    18.3, ,    19.6, ,    19.7, ,    14.6, ,     6.4, ,     4.0, ,    -5.3, ,     6.8, ,    -4.2, ,     4.5, ,    19.2, ,     8.3, 
 1910,    -5.5, ,    -7.9, ,     3.7, ,     8.3, ,    10.9, ,    17.2, ,    20.6, ,    19.1, ,    14.6, ,    10.0, ,     0.3, ,    -8.1, ,     6.9, ,    -6.2, ,     7.6, ,    19.0, ,     8.3, 
 1911,    -4.9, ,    -5.2, ,    -2.3, ,     4.9, ,    16.3, ,    18.2, ,    21.0, ,    20.0, ,    15.1, ,     8.4, ,     0.2, ,    -0.6, ,     7.6, ,    -6.1, ,     6.3, ,    19.7, ,     7.9, 
 1912,   -12.1, ,    -9.1, ,    -5.3, ,     5.4, ,    13.2, ,    16.2, ,    19.8, ,    16.8, ,    16.2, ,     9.4, ,     3.3, ,    -1.4, ,     6.0, ,    -7.3, ,     4.4, ,    17.6, ,     9.6, 
 1913,    -2.6, ,    -7.6, ,    -0.4, ,     7.2, ,    11.6, ,    17.8, ,    19.9, ,    19.9, ,    14.9, ,     9.8, ,     4.7, ,    -0.9, ,     7.9, ,    -3.9, ,     6.1, ,    19.2, ,     9.8, 
 1914,    -4.5, ,   -10.3, ,    -1.8, ,     4.9, ,    14.0, ,    17.1, ,    20.7, ,    19.2, ,    15.3, ,    11.0, ,     1.5, ,    -5.3, ,     6.8, ,    -5.2, ,     5.7, ,    19.0, ,     9.3, 
 1915,    -6.8, ,    -4.9, ,    -2.6, ,     9.5, ,    10.6, ,    16.1, ,    19.2, ,    18.0, ,    16.8, ,     9.6, ,     3.7, ,    -4.5, ,     7.1, ,    -5.7, ,     5.8, ,    17.8, ,    10.0, 
 1916,    -2.5, ,    -8.7, ,    -5.7, ,     6.3, ,    12.3, ,    15.2, ,    23.3, ,    20.9, ,    15.3, ,     8.8, ,     1.9, ,    -4.0, ,     6.9, ,    -5.2, ,     4.3, ,    19.8, ,     8.7, 
 1917,    -7.3, ,   -10.7, ,    -1.5, ,     4.4, ,     8.8, ,    15.8, ,    20.4, ,    18.3, ,    13.3, ,     4.8, ,    -0.1, ,    -8.2, ,     4.8, ,    -7.3, ,     3.9, ,    18.2, ,     6.0, 
 1918,   -12.9, ,    -7.3, ,    -0.1, ,     6.4, ,    14.5, ,    16.2, ,    19.8, ,    20.9, ,    11.9, ,    10.1, ,     3.7, ,    -1.6, ,     6.8, ,    -9.5, ,     6.9, ,    19.0, ,     8.6, 
 1919,    -3.2, ,    -4.1, ,    -0.2, ,     4.5, ,    11.8, ,    21.0, ,    21.5, ,    18.8, ,    16.2, ,    10.6, ,     1.7, ,    -7.6, ,     7.6, ,    -3.0, ,     5.4, ,    20.4, ,     9.5, 
 1920,   -12.5, ,    -9.8, ,    -0.6, ,     3.3, ,    11.6, ,    17.1, ,    16.9, ,    19.7, ,    16.0, ,    11.8, ,     0.9, ,    -2.1, ,     6.0, ,   -10.0, ,     4.8, ,    17.9, ,     9.6, 
 1921,    -4.1, ,    -3.9, ,     3.2, ,     9.3, ,    13.6, ,    18.7, ,    23.4, ,    18.6, ,    17.6, ,     8.8, ,     0.9, ,    -3.8, ,     8.5, ,    -3.4, ,     8.7, ,    20.2, ,     9.1, 
 1922,    -7.2, ,    -4.9, ,     0.1, ,     6.2, ,    14.6, ,    17.4, ,    19.1, ,    18.7, ,    16.4, ,     8.8, ,     3.3, ,    -3.5, ,     7.4, ,    -5.3, ,     7.0, ,    18.4, ,     9.5, 
 1923,    -7.3, ,   -10.0, ,    -4.4, ,     4.8, ,    10.4, ,    18.8, ,    19.1, ,    17.8, ,    15.3, ,     7.8, ,     2.5, ,     0.5, ,     6.3, ,    -6.9, ,     3.6, ,    18.6, ,     8.5, 
 1924,    -7.2, ,    -8.7, ,    -2.3, ,     5.0, ,     8.4, ,    16.6, ,    17.8, ,    18.0, ,    12.4, ,     9.7, ,     1.5, ,    -6.6, ,     5.4, ,    -5.1, ,     3.7, ,    17.5, ,     7.9, 
 1925,    -9.1, ,    -4.7, ,    -0.2, ,     7.0, ,     8.9, ,    18.0, ,    18.4, ,    18.7, ,    16.1, ,     4.0, ,     1.7, ,    -4.9, ,     6.2, ,    -6.8, ,     5.2, ,    18.4, ,     7.3, 
 1926,    -6.7, ,    -8.5, ,    -6.1, ,     1.5, ,    10.6, ,    14.7, ,    19.1, ,    19.2, ,    13.9, ,     6.9, ,     1.1, ,    -6.7, ,     4.9, ,    -6.7, ,     2.0, ,    17.7, ,     7.3, 
 1927,    -8.1, ,    -4.4, ,     0.8, ,     5.6, ,    10.3, ,    15.1, ,    18.6, ,    16.3, ,    16.6, ,    11.0, ,     3.6, ,    -3.7, ,     6.8, ,    -6.4, ,     5.6, ,    16.7, ,    10.4, 
 1928,    -6.5, ,    -6.4, ,    -3.3, ,     4.5, ,    11.3, ,    15.3, ,    19.6, ,    20.1, ,    13.2, ,     9.5, ,     3.0, ,    -2.4, ,     6.5, ,    -5.5, ,     4.2, ,    18.3, ,     8.6, 
 1929,    -7.6, ,    -8.3, ,     1.5, ,     6.0, ,    10.1, ,    16.0, ,    19.0, ,    17.0, ,    15.5, ,     7.5, ,     0.6, ,    -5.8, ,     6.0, ,    -6.1, ,     5.9, ,    17.3, ,     7.9, 
 1930,    -7.1, ,    -4.9, ,    -2.7, ,     5.1, ,    12.9, ,    18.0, ,    19.5, ,    19.2, ,    15.3, ,     8.3, ,     2.9, ,    -4.4, ,     6.8, ,    -5.9, ,     5.1, ,    18.9, ,     8.8, 
 1931,    -6.2, ,    -4.7, ,    -1.5, ,     5.7, ,    12.5, ,    17.4, ,    21.8, ,    18.9, ,    17.6, ,    10.3, ,     6.0, ,    -0.8, ,     8.1, ,    -5.1, ,     5.6, ,    19.4, ,    11.3, 
 1932,     0.2, ,    -1.9, ,    -3.7, ,     3.4, ,    11.8, ,    17.2, ,    18.3, ,    19.1, ,    14.5, ,     8.9, ,     0.2, ,    -2.9, ,     7.1, ,    -0.8, ,     3.8, ,    18.2, ,     7.9, 
 1933,    -1.3, ,    -5.8, ,    -2.1, ,     6.6, ,    13.1, ,    19.0, ,    21.1, ,    19.3, ,    17.1, ,     7.8, ,    -1.2, ,    -5.8, ,     7.3, ,    -3.3, ,     5.9, ,    19.8, ,     7.9, 
 1934,    -4.7, ,   -14.6, ,    -4.1, ,     4.3, ,    13.6, ,    19.3, ,    20.9, ,    17.5, ,    16.6, ,     8.0, ,     4.5, ,    -5.2, ,     6.3, ,    -8.4, ,     4.6, ,    19.2, ,     9.7, 
 1935,    -7.4, ,    -7.6, ,     0.6, ,     4.9, ,     9.4, ,    16.2, ,    21.9, ,    18.8, ,    13.7, ,     9.1, ,     2.4, ,    -6.7, ,     6.3, ,    -6.7, ,     5.0, ,    19.0, ,     8.4, 
 1936,    -7.6, ,   -11.1, ,    -0.3, ,     2.3, ,    14.2, ,    17.5, ,    20.9, ,    19.5, ,    16.0, ,     8.3, ,    -0.2, ,    -2.0, ,     6.5, ,    -8.5, ,     5.4, ,    19.3, ,     8.0, 
 1937,    -2.8, ,    -4.8, ,    -4.0, ,     5.2, ,    12.6, ,    17.5, ,    20.3, ,    21.0, ,    14.1, ,     7.3, ,     2.6, ,    -5.2, ,     7.0, ,    -3.2, ,     4.6, ,    19.6, ,     8.0, 
 1938,    -7.5, ,    -3.8, ,     1.3, ,     7.0, ,    11.8, ,    17.3, ,    21.0, ,    21.3, ,    13.7, ,    10.3, ,     3.4, ,    -2.9, ,     7.7, ,    -5.5, ,     6.7, ,    19.9, ,     9.1, 
 1939,    -7.2, ,    -6.0, ,    -3.8, ,     3.9, ,    13.6, ,    17.6, ,    20.1, ,    20.9, ,    16.0, ,     9.0, ,     1.0, ,    -2.0, ,     6.9, ,    -5.4, ,     4.6, ,    19.5, ,     8.7, 
 1940,   -10.0, ,    -6.5, ,    -5.3, ,     3.7, ,    11.3, ,    17.0, ,    19.7, ,    18.8, ,    14.3, ,     7.2, ,     1.5, ,    -3.1, ,     5.7, ,    -6.2, ,     3.2, ,    18.5, ,     7.7, 
 1941,    -7.4, ,    -6.6, ,    -4.7, ,     9.2, ,    13.7, ,    18.9, , -9999.9,M,    18.1, ,    16.3, ,     9.8, ,     3.7, ,    -1.5, , -9999.9,M,    -5.7, ,     6.1, , -9999.9,M,     9.9, 
 1942,    -6.3, ,    -7.7, ,     0.6, ,     8.7, ,    12.6, ,    17.6, ,    19.4, ,    19.2, ,    14.3, ,     9.2, ,     2.2, ,    -6.8, ,     6.9, ,    -5.2, ,     7.3, ,    18.7, ,     8.6, 
 1943,    -8.8, ,    -6.4, ,    -3.1, ,     2.7, ,    11.4, ,    19.7, ,    20.1, ,    18.5, ,    13.7, ,     7.9, ,     0.9, ,    -5.8, ,     5.9, ,    -7.3, ,     3.7, ,    19.4, ,     7.5, 
 1944,    -4.0, ,    -6.6, ,    -4.6, ,     2.9, ,    14.5, ,    17.8, ,    19.7, ,    20.1, ,    14.9, ,     8.2, ,     2.9, ,    -6.0, ,     6.7, ,    -5.5, ,     4.3, ,    19.2, ,     8.7, 
 1945,   -11.7, ,    -6.5, ,     5.0, ,     7.3, ,     8.3, ,    15.9, ,    19.3, ,    19.0, ,    15.1, ,     7.9, ,     2.7, ,    -6.3, ,     6.3, ,    -8.1, ,     6.9, ,    18.1, ,     8.6, 
 1946,    -5.8, ,    -7.3, ,     4.7, ,     5.3, ,    11.3, ,    16.7, ,    19.6, ,    17.5, ,    15.9, ,    11.5, ,     4.1, ,    -3.1, ,     7.5, ,    -6.5, ,     7.1, ,    17.9, ,    10.5, 
 1947,    -4.7, ,    -8.0, ,    -3.0, ,     4.6, ,    10.5, ,    17.0, ,    19.6, ,    22.3, ,    15.8, ,    14.3, ,     1.9, ,    -4.7, ,     7.1, ,    -5.3, ,     4.0, ,    19.6, ,    10.7, 
 1948,    -9.6, ,    -7.2, ,    -1.4, ,     8.4, ,    11.1, ,    17.6, ,    20.4, ,    19.9, ,    17.6, ,     7.8, ,     5.6, ,    -2.4, ,     7.3, ,    -7.2, ,     6.0, ,    19.3, ,    10.3, 
 1949,    -3.5, ,    -3.8, ,    -1.5, ,     6.6, ,    13.8, ,    20.7, ,    22.0, ,    20.9, ,    13.8, ,    11.9, ,     0.9, ,    -1.9, ,     8.3, ,    -3.2, ,     6.3, ,    21.2, ,     8.9, 
 1950,    -2.0, ,    -6.9, ,    -4.7, ,     2.6, ,    12.4, ,    17.9, ,    19.1, ,    19.1, ,    14.6, ,     9.7, ,     0.8, ,    -5.1, ,     6.5, ,    -3.6, ,     3.4, ,    18.7, ,     8.4, 
 1951,    -4.8, ,    -4.7, ,    -0.5, ,     5.9, ,    13.2, ,    17.1, ,    19.9, ,    18.5, ,    14.6, ,    10.4, ,    -0.7, ,    -3.7, ,     7.1, ,    -4.9, ,     6.2, ,    18.5, ,     8.1, 
 1952,    -4.8, ,    -4.6, ,    -1.7, ,     8.2, ,    11.1, ,    18.7, ,    21.7, ,    19.0, ,    15.9, ,     6.4, ,     3.9, ,    -1.4, ,     7.7, ,    -4.4, ,     5.9, ,    19.8, ,     8.7, 
 1953,    -3.8, ,    -3.2, ,     0.0, ,     4.9, ,    12.4, ,    18.0, ,    19.9, ,    19.6, ,    15.1, ,    10.5, ,     4.7, ,    -1.3, ,     8.1, ,    -2.8, ,     5.8, ,    19.2, ,    10.1, 
 1954,    -8.2, ,    -2.6, ,    -2.1, ,     7.0, ,    10.6, ,    18.5, ,    19.2, ,    17.9, ,    14.7, ,    10.3, ,     3.2, ,    -4.7, ,     7.0, ,    -4.0, ,     5.2, ,    18.5, ,     9.4, 
 1955,    -6.6, ,    -6.0, ,    -1.9, ,     8.9, ,    14.1, ,    18.0, ,    23.8, ,    22.1, ,    14.7, ,    10.1, ,     1.0, ,    -5.9, ,     7.7, ,    -5.8, ,     7.0, ,    21.3, ,     8.6, 
 1956,    -6.1, ,    -5.3, ,    -3.2, ,     4.1, ,     9.9, ,    17.4, ,    18.4, ,    18.6, ,    12.5, ,    10.4, ,     3.3, ,    -2.0, ,     6.5, ,    -5.8, ,     3.6, ,    18.1, ,     8.7, 
 1957,    -9.4, ,    -4.6, ,    -0.2, ,     7.2, ,    10.9, ,    18.3, ,    19.4, ,    17.4, ,    15.0, ,     7.7, ,     2.6, ,    -1.8, ,     6.9, ,    -5.3, ,     6.0, ,    18.4, ,     8.4, 
 1958,    -6.3, ,    -8.3, ,     0.4, ,     7.3, ,    11.2, ,    14.4, ,    19.7, ,    18.6, ,    15.1, ,     9.0, ,     3.4, ,    -8.3, ,     6.4, ,    -5.5, ,     6.3, ,    17.6, ,     9.2, 
 1959,    -8.1, ,    -8.4, ,    -3.0, ,     6.4, ,    13.6, ,    18.2, ,    20.7, ,    22.1, ,    17.5, ,     8.6, ,     0.8, ,    -2.3, ,     7.2, ,    -8.3, ,     5.7, ,    20.3, ,     9.0, 
 1960,    -5.6, ,    -5.0, ,    -7.0, ,     6.8, ,    12.5, ,    16.9, ,    18.8, ,    19.0, ,    16.7, ,     8.5, ,     4.1, ,    -7.1, ,     6.6, ,    -4.3, ,     4.1, ,    18.2, ,     9.8, 
 1961,    -9.5, ,    -4.0, ,    -0.7, ,     3.3, ,    10.0, ,    16.6, ,    19.7, ,    19.4, ,    18.5, ,    10.9, ,     2.5, ,    -4.0, ,     6.9, ,    -6.9, ,     4.2, ,    18.6, ,    10.6, 
 1962,    -8.9, ,    -8.6, ,    -1.3, ,     6.2, ,    15.1, ,    16.9, ,    18.0, ,    18.6, ,    13.1, ,     9.1, ,     1.7, ,    -5.9, ,     6.2, ,    -7.2, ,     6.7, ,    17.8, ,     8.0, 
 1963,   -10.3, ,   -10.7, ,    -0.9, ,     6.2, ,    10.5, ,    17.4, ,    19.7, ,    16.9, ,    12.7, ,    12.3, ,     4.9, ,    -8.5, ,     5.9, ,    -9.0, ,     5.3, ,    18.0, ,    10.0, 
 1964,    -5.6, ,    -6.7, ,    -1.5, ,     5.2, ,    13.6, ,    16.8, ,    20.6, ,    16.1, ,    13.9, ,     7.2, ,     3.2, ,    -3.7, ,     6.6, ,    -6.9, ,     5.8, ,    17.8, ,     8.1, 
 1965,    -8.3, ,    -6.9, ,    -4.2, ,     2.4, ,    13.6, ,    16.2, ,    16.8, ,    17.8, ,    15.5, ,     6.9, ,     1.9, ,    -1.6, ,     5.8, ,    -6.3, ,     3.9, ,    16.9, ,     8.1, 
 1966,    -8.4, ,    -5.4, ,    -0.2, ,     3.9, ,     9.1, ,    17.9, ,    20.7, ,    18.3, ,    13.3, ,     7.7, ,     3.4, ,    -3.9, ,     6.4, ,    -5.1, ,     4.3, ,    19.0, ,     8.1, 
 1967,    -3.9, ,    -9.7, ,    -2.7, ,     6.0, ,     8.2, ,    19.4, ,    18.3, ,    17.2, ,    13.5, ,     8.4, ,     0.1, ,    -2.7, ,     6.0, ,    -5.8, ,     3.8, ,    18.3, ,     7.3, 
 1968,    -8.9, ,    -8.8, ,     0.1, ,     7.5, ,     9.7, ,    16.6, ,    19.2, ,    18.8, ,    16.5, ,     9.9, ,     2.3, ,    -5.0, ,     6.5, ,    -6.8, ,     5.8, ,    18.2, ,     9.6, 
 1969,    -6.3, ,    -5.4, ,    -2.7, ,     6.8, ,    11.6, ,    16.1, ,    19.9, ,    20.3, ,    15.2, ,     8.3, ,     2.8, , -9999.9,M, -9999.9,M,    -5.6, ,     5.2, ,    18.8, ,     8.8, 
 1970,   -11.1, ,    -7.7, ,    -3.8, ,     6.4, ,    12.6, ,    17.3, ,    20.0, ,    19.0, ,    14.9, ,    10.2, ,     3.5, ,    -5.5, ,     6.3, , -9999.9,M,     5.1, ,    18.8, ,     9.5, 
 1971,    -9.4, ,    -5.7, ,    -4.4, ,     3.9, ,    11.4, ,    18.3, ,    18.5, ,    17.9, ,    16.6, ,    12.7, ,     2.1, ,    -1.9, ,     6.7, ,    -6.9, ,     3.6, ,    18.2, ,    10.5, 
 1972,    -6.9, ,    -8.5, ,    -4.9, ,     2.4, ,    13.8, ,    15.3, ,    19.3, ,    18.2, ,    15.3, ,     6.0, ,     0.2, ,    -3.1, ,     5.6, ,    -5.8, ,     3.8, ,    17.6, ,     7.2, 
 1973,    -4.8, ,    -8.1, ,     2.9, ,     6.2, ,    10.5, ,    18.6, ,    20.4, ,    20.8, ,    15.2, ,    10.5, ,     3.0, , -9999.9,M, -9999.9,M,    -5.3, ,     6.5, ,    19.9, ,     9.6, 
 1974, -9999.9,M, -9999.9,M, -9999.9,M, -9999.9,M, -9999.9,M, -9999.9,M, -9999.9,M, -9999.9,M, -9999.9,M, -9999.9,M, -9999.9,M, -9999.9,M, -9999.9,M, -9999.9,M, -9999.9,M, -9999.9,M, -9999.9,M
 1975, -9999.9,M, -9999.9,M, -9999.9,M, -9999.9,M, -9999.9,M, -9999.9,M, -9999.9,M,    19.1, ,    12.4, ,     9.3, ,     5.9, ,    -5.6, , -9999.9,M, -9999.9,M, -9999.9,M, -9999.9,M,     9.2, 
 1976,   -10.1, ,    -3.6, ,     0.1, ,     6.8, ,    10.4, ,    18.5, ,    18.4, ,    17.7, ,    13.5, ,     5.6, ,    -1.0, ,    -8.2, ,     5.7, ,    -6.4, ,     5.8, ,    18.2, ,     6.0, 
 1977,   -12.4, ,    -6.9, ,     1.8, ,     7.2, ,    14.3, ,    16.1, ,    20.2, ,    17.8, ,    14.9, ,     7.7, ,     3.1, ,    -5.1, ,     6.6, ,    -9.2, ,     7.8, ,    18.0, ,     8.6, 
 1978,    -9.5, ,   -11.6, ,    -5.1, ,     3.8, ,    12.5, ,    16.4, ,    19.3, ,    19.0, ,    14.3, ,     7.7, ,     2.1, ,    -3.7, ,     5.4, ,    -8.7, ,     3.7, ,    18.2, ,     8.0, 
 1979,    -8.9, ,   -12.1, ,     0.9, ,     4.4, ,    11.0, ,    16.6, ,    19.4, ,    17.8, ,    14.3, ,     8.0, ,     3.0, ,    -2.0, ,     6.0, ,    -8.2, ,     5.4, ,    17.9, ,     8.4, 
 1980,    -5.9, ,    -8.7, ,    -2.8, ,     5.6, ,    13.1, ,    14.5, ,    19.8, ,    20.4, ,    14.5, ,     5.9, ,     1.0, ,    -7.1, ,     5.9, ,    -5.5, ,     5.3, ,    18.2, ,     7.1, 
 1981,   -10.7, ,    -3.4, ,    -1.1, ,     6.4, ,    10.9, ,    17.1, ,    19.7, ,    18.3, ,    14.0, ,     5.9, ,     2.6, ,    -3.7, ,     6.3, ,    -7.1, ,     5.4, ,    18.4, ,     7.5, 
 1982,   -10.4, ,    -8.3, ,    -2.8,E,     4.2, ,    14.6, ,    15.0, ,    19.7, ,    16.8, ,    14.0, ,     9.0, ,     3.6, ,     0.4, ,     6.3,E,    -7.5, ,     5.3,E,    17.2, ,     8.9, 
 1983,    -5.1, ,    -3.7, ,     0.3, ,     5.0, ,     9.6,E,    17.2, ,    21.4, ,    20.4, ,    15.6, ,     8.7, ,     2.7, ,    -7.0, ,     7.1,E,    -2.8, ,     5.0,E,    19.7, ,     9.0, 
 1984,    -9.9, ,    -2.3, ,    -5.5, ,     6.6, ,     9.7, ,    17.9, ,    18.8, ,    20.1, ,    13.1, ,    10.4, ,     2.0, ,    -0.6,E,     6.7,E,    -6.4, ,     3.6, ,    18.9, ,     8.5, 
 1985,    -8.7,E,    -6.8, ,    -1.0, ,     7.8, ,    13.2, ,    15.2, ,    18.9, ,    18.3, ,    15.8, ,     8.9, ,     2.4, ,    -6.1, ,     6.5,E,    -5.4,E,     6.7, ,    17.5, ,     9.0, 
 1986,    -6.5, ,    -7.2, ,     0.3,E,     7.3,E,    13.9, ,    16.0,E,    19.9, ,    17.4, ,    14.0, ,     8.5, ,     0.4, ,    -2.5, ,     6.8,E,    -6.6, ,     7.2,E,    17.8,E,     7.6, 
 1987,    -6.3, ,    -7.0,E,     0.1, ,     7.9, ,    13.7, ,    18.5,E,    21.3, ,    18.5, ,    15.0, ,     6.0, ,     2.7,E,    -1.5, ,     7.4,E,    -5.3,E,     7.2, ,    19.4,E,     7.9,E
 1988,    -6.7, ,    -7.6, ,    -1.8, ,     5.6,E,    13.5,E,    17.0,E,    21.8, ,    20.1, ,    14.1, ,     6.2,E,     3.7,E,    -4.3, ,     6.8,E,    -5.3, ,     5.8,E,    19.6,E,     8.0,E
 1989,    -3.3, ,    -7.5,E,    -3.0, ,     3.9, ,    12.1, ,    17.5, ,    20.3, ,    18.8, ,    14.6, ,     8.8, ,     1.1, ,   -10.8, ,     6.0,E,    -5.0,E,     4.3, ,    18.9, ,     8.2, 
 1990,    -2.3, ,    -4.6, ,     0.3, ,     7.9, ,    10.8, ,    17.5, ,    19.5, ,    19.0, ,    14.4, ,     8.5, ,     3.8, ,    -1.8, ,     7.8, ,    -5.9, ,     6.3, ,    18.7, ,     8.9, 
 1991,    -6.7, ,    -3.5, ,     0.5, ,     7.9, ,    16.0, ,    18.8, ,    20.2, ,    20.3,E,    14.2, ,    10.1, ,     1.5, ,    -3.2, ,     8.0,E,    -4.0, ,     8.1, ,    19.8,E,     8.6, 
 1992,    -4.7,E,    -4.6,E,    -1.8, ,     4.7, ,    11.9, ,    15.2, ,    17.1, ,    17.0, ,    14.1, ,     6.8, ,     2.0, ,    -2.4, ,     6.3,E,    -4.2,E,     4.9, ,    16.4, ,     7.6, 
 1993,    -4.7,E,    -9.9, ,    -3.3, ,     5.9, ,    11.5,E,    16.3,E,    20.1,E,    19.6, ,    12.1,E,     7.0,E,     1.7,E,    -4.1, ,     6.0,E,    -5.7,E,     4.7,E,    18.7,E,     6.9,E
 1994,   -13.9,E,    -9.7, ,    -2.1, ,     6.3, ,    10.4, ,    17.7, ,    19.9, ,    17.1, ,    14.2, ,     8.5, ,     4.1, ,    -1.6, ,     5.9,E,    -9.2,E,     4.9, ,    18.2, ,     8.9, 
 1995,    -4.2,E,    -9.0, ,     0.5, ,     2.7, ,    11.7, ,    18.4, ,    20.4, ,    20.4,E,    12.7,E,     9.9, , -9999.9,M,    -6.3, , -9999.9,M,    -4.9,E,     5.0, ,    19.7,E, -9999.9,M
 1996,    -8.1, ,    -7.1, ,    -4.1, ,     3.3, ,    10.6, , -9999.9,M, -9999.9,M, -9999.9,M, -9999.9,M, -9999.9,M, -9999.9,M, -9999.9,M, -9999.9,M,    -7.2, ,     3.3, , -9999.9,M, -9999.9,M
 1997, -9999.9,M, -9999.9,M, -9999.9,M, -9999.9,M, -9999.9,M, -9999.9,M, -9999.9,M, -9999.9,M, -9999.9,M,     7.9, ,     0.9,E,    -2.5, , -9999.9,M, -9999.9,M, -9999.9,M, -9999.9,M, -9999.9,M
 1998,    -3.9, ,    -1.7, ,     0.8, ,     6.8, ,    15.7, ,    17.0, ,    19.0, ,    19.3, ,    16.2, ,     9.5,E,     3.0, ,    -0.9, ,     8.4,E,    -2.7, ,     7.8, ,    18.4, ,     9.6,E
 1999,    -7.9,E,    -3.2, ,    -1.7, ,     6.4, ,    13.3, ,    18.0, ,    21.2, ,    17.6, ,    15.4, ,     7.5, ,     4.2, ,    -2.1,E,     7.4,E,    -4.0,E,     6.0, ,    18.9, ,     9.0, 
 2000,    -7.2, ,    -5.2, ,     2.8, ,     4.8, ,    12.7, , -9999.9,M,    17.7, ,    17.6, ,    13.7,E,     9.4, ,     1.6, ,    -9.2, , -9999.9,M,    -4.8,E,     6.8, , -9999.9,M,     8.2,E
 2001,    -5.7, ,    -5.1, ,    -2.6, ,     6.3, , -9999.9,M,    18.2,E,    18.4, ,    20.2, ,    14.2, ,     8.5, ,     5.7, ,    -0.4, , -9999.9,M,    -6.7, , -9999.9,M,    18.9,E,     9.5, 
 2002,    -2.6, ,    -3.4, ,    -1.0, ,     5.9, ,     9.2, ,    17.1, ,    20.9, ,    19.4, ,    17.3, ,     6.9, ,     1.2, ,    -4.1, ,     7.2, ,    -2.1, ,     4.7, ,    19.1, ,     8.5, 
 2003,    -9.9, ,    -9.1, ,    -2.4, ,     4.0,E,    10.5, ,    16.3, ,    18.6, ,    19.1, ,    14.3, ,     6.6, ,     2.2, ,    -2.8, ,     5.6,E,    -7.7, ,     4.0,E,    18.0, ,     7.7, 
 2004,   -11.3, ,    -6.2, , -9999.9,M,     5.6,E,    11.5, ,    13.4, ,    17.9,E, -9999.9,M, -9999.9,M, -9999.9,M, -9999.9,M, -9999.9,M, -9999.9,M,    -6.8, , -9999.9,M, -9999.9,M, -9999.9,M
 2005, -9999.9,M, -9999.9,M, -9999.9,M, -9999.9,M, -9999.9,M, -9999.9,M, -9999.9,M, -9999.9,M, -9999.9,M, -9999.9,M, -9999.9,M, -9999.9,M, -9999.9,M, -9999.9,M, -9999.9,M, -9999.9,M, -9999.9,M
 2006, -9999.9,M, -9999.9,M, -9999.9,M, -9999.9,M, -9999.9,M, -9999.9,M, -9999.9,M, -9999.9,M, -9999.9,M,     6.7, ,     3.7, ,     0.1,E, -9999.9,M, -9999.9,M, -9999.9,M, -9999.9,M, -9999.9,M
 2007, -9999.9,M,   -10.2, ,    -0.7,E,     4.3, ,    12.7, ,    18.3, ,    18.5, ,    19.3, ,    15.8, , -9999.9,M,     1.2, ,    -3.4, , -9999.9,M, -9999.9,M,     5.4,E,    18.7, , -9999.9,M
 2008,    -4.4,E,    -6.9, ,    -4.8,E,     7.8,E,    10.1, ,    17.9,E,    19.7, ,    17.5, ,    15.0, ,     7.2,E, -9999.9,M,    -4.6,E, -9999.9,M,    -4.9,E,     4.4,E,    18.4,E, -9999.9,M
 2009, -9999.9,M,    -5.4, ,    -0.6, ,     6.2, ,    11.2, ,    15.9, ,    16.5, ,    17.4, ,    13.5, , -9999.9,M,     4.5, ,    -3.8, , -9999.9,M, -9999.9,M,     5.6, ,    16.6, , -9999.9,M
 2010,    -6.7, ,    -5.3, , -9999.9,M, -9999.9,M, -9999.9,M, -9999.9,M, -9999.9,M,    19.7, ,    14.1, ,     8.3, ,     2.8, ,    -5.5, , -9999.9,M,    -5.3, , -9999.9,M, -9999.9,M,     8.4, 
 2011,    -9.4, ,    -7.1, ,    -2.9, ,     5.3, ,    12.7, ,    16.7, ,    21.3, ,    19.2, ,    15.2, ,     8.6, ,     5.0, ,    -0.9, ,     7.0, ,    -7.3, ,     5.0, ,    19.1, ,     9.6, 
 2012,    -3.7, ,    -2.2, ,     5.5, ,     5.1, ,    14.5, ,    17.6, ,    21.4, ,    18.8, ,    13.8, ,     8.6, ,     1.6, ,    -0.6, ,     8.4, ,    -2.3, ,     8.4, ,    19.3, ,     8.0, 
 2013,    -4.1,E,    -7.3, ,    -2.0, ,     4.7, ,    13.5, ,    16.9, ,    19.9, ,    18.0,E,    13.7, ,     9.7, ,     0.4, ,    -5.9,E,     6.5,E,    -4.0,E,     5.4, ,    18.3,E,     7.9, 
 2014,   -10.3, ,   -11.6, ,    -6.6, ,     4.3, ,    12.3,E,    17.8, ,    17.6, ,    17.6,E,    14.1, ,     9.3, ,     0.1, ,    -1.4, ,     5.3,E,    -9.3,E,     3.3,E,    17.7,E,     7.8, 
 2015,    -9.2,E,   -14.8, ,    -4.0, , -9999.9,M,    15.1,E,    16.0, ,    18.7, ,    18.0,E,    17.0,E,     8.2, ,     4.9,E,     2.5, , -9999.9,M,    -8.5,E, -9999.9,M,    17.6,E,    10.0,E
 2016,    -5.2, ,    -3.8, ,     1.6, ,     3.4,E,    12.3, ,    16.9,E,    20.6,E,    20.8,E,    16.2, ,     9.6, ,     4.6, ,    -3.2, ,     7.8,E,    -2.2, ,     5.8,E,    19.4,E,    10.1, 
 2017, -9999.9,M, -9999.9,M,    -2.0, ,     8.1, ,    10.1, ,    17.4, ,    19.1, ,    17.3, ,    16.3, ,    11.0,E,     1.7, ,    -6.8, , -9999.9,M, -9999.9,M,     5.4, ,    17.9, ,     9.7,E
 2018,    -7.6, ,    -3.8, ,    -1.5, ,     1.5, , -9999.9,M,    17.3, ,    20.4, ,    20.8, ,    16.9, ,     7.2, ,    -0.1, ,    -1.5, , -9999.9,M,    -6.1, , -9999.9,M,    19.5, ,     8.0, 
 2019,    -8.1, ,    -5.7, ,    -2.8, ,     4.9, ,    10.8, ,    16.5, ,    21.0, ,    18.6, ,    15.1, ,     8.6, ,    -0.7, ,    -2.1, ,     6.3, ,    -5.1, ,     4.3, ,    18.7, ,     7.7, 
