7027083,ST_COME_DE_LINIERE  ,QUE , station not joined, Monthly mean of homogenized daily mean temperature                     , Deg Celcius,          Updated to December 2019
7027083,ST_COME_DE_LINIERE  ,QUE , station non jointe, Moyenne mensuelle des temperatures quotidiennes moyennes homogeneisees , Deg Celsius, Mise a jour jusqu a decembre 2019
 Year,     Jan, ,     Feb, ,     Mar, ,     Apr, ,     May, ,     Jun, ,     Jul, ,     Aug, ,     Sep, ,     Oct, ,     Nov, ,     Dec, ,  Annual, ,  Winter, ,  Spring, ,  Summer, ,  Autumn
Annee,    Janv, ,     Fev, ,    Mars, ,     Avr, ,     Mai, ,    Juin, ,    Juil, ,    Aout, ,    Sept, ,     Oct, ,     Nov, ,     Dec, ,  Annuel, ,   Hiver, ,Printemp, ,     Ete, , Automne
 1965, -9999.9,M, -9999.9,M, -9999.9,M, -9999.9,M, -9999.9,M, -9999.9,M, -9999.9,M, -9999.9,M,    12.8, ,     5.6, ,    -2.8, ,    -6.8, , -9999.9,M, -9999.9,M, -9999.9,M, -9999.9,M,     5.2, 
 1966,   -10.7, ,   -10.8, ,    -4.0, , -9999.9,M,     8.8, ,    16.0, ,    17.5, ,    16.7, ,    11.1, ,     6.1, ,     2.5, ,    -7.0, , -9999.9,M,    -9.4, , -9999.9,M,    16.7, ,     6.6, 
 1967,    -8.5, ,   -15.5, , -9999.9,M,     1.9, ,     6.1, , -9999.9,M,    19.4, ,    17.9, ,    12.7, ,     7.5, ,    -1.7, ,    -7.6, , -9999.9,M,   -10.3, , -9999.9,M, -9999.9,M,     6.2, 
 1968,   -14.8, ,   -14.2, ,    -2.3, ,     5.5, ,     9.3, ,    14.0, ,    18.6, ,    14.8, ,    14.4, ,     8.5, ,    -2.0, ,    -9.5, ,     3.5, ,   -12.2, ,     4.2, ,    15.8, ,     7.0, 
 1969,   -10.0, ,    -8.7, ,    -5.4, ,     1.3, , -9999.9,M,    15.8, ,    17.1, ,    18.3, ,    12.1, ,     5.9, ,     1.3, ,    -8.5, , -9999.9,M,    -9.4, , -9999.9,M,    17.1, ,     6.4, 
 1970,   -16.6, ,   -10.3, ,    -5.3, ,     3.1, ,    10.3, ,    15.7, ,    19.8, ,    17.7, ,    12.5, ,     8.3, ,     0.6, ,   -13.6, ,     3.5, ,   -11.8, ,     2.7, ,    17.7, ,     7.1, 
 1971,   -16.3, ,   -10.3, ,    -5.9, ,     1.7, ,    10.6, ,    14.7, ,    17.5, ,    16.6, ,    14.3, ,     8.7, ,    -2.5, ,   -11.3, ,     3.2, ,   -13.4, ,     2.1, ,    16.3, ,     6.8, 
 1972,   -11.5, ,   -13.0, ,    -7.4, ,     0.1, ,    10.3, ,    16.1, ,    17.7, ,    15.6, ,    12.8, ,     4.0, ,    -1.9, ,   -10.0, ,     2.7, ,   -11.9, ,     1.0, ,    16.5, ,     5.0, 
 1973,   -10.1, ,   -11.5, ,    -0.1, ,     3.3, ,     9.6, ,    17.2, ,    19.8, ,    19.5, ,    11.5, ,     6.9, ,    -0.8, ,    -5.0, ,     5.0, ,   -10.5, ,     4.3, ,    18.8, ,     5.9, 
 1974,   -11.6, ,   -11.8, ,    -5.7, ,     2.5, ,     7.8, ,    16.0, ,    17.9, ,    17.1, ,    11.6, ,     3.7, ,    -0.6, ,    -6.1, ,     3.4, ,    -9.5, ,     1.5, ,    17.0, ,     4.9, 
 1975,   -10.7, ,   -10.1, , -9999.9,M,     0.1, ,    12.6, ,    16.0, ,    20.2, ,    17.2, ,    12.2, ,     6.9, ,     1.6, ,    -9.7, , -9999.9,M,    -9.0, , -9999.9,M,    17.8, ,     6.9, 
 1976,   -14.9, ,    -9.3, ,    -4.3, ,     4.0, ,    10.3, ,    17.1, ,    17.6, ,    17.1, ,    11.7, ,     4.8, ,    -2.7, ,   -13.4, ,     3.2, ,   -11.3, ,     3.3, ,    17.3, ,     4.6, 
 1977,   -14.5, ,   -10.3, ,     0.0, ,     2.4, ,    11.0,E,    14.6, ,    17.4, ,    16.5, ,    10.9, ,     6.0, ,     0.9, ,    -9.6, ,     3.8,E,   -12.7, ,     4.5,E,    16.2, ,     5.9, 
 1978,   -12.4, ,   -14.5, ,    -7.0, ,     0.9, ,    12.2, ,    15.9, ,    17.9, ,    17.0, ,     9.3, ,     5.3, ,    -1.5, ,    -9.1, ,     2.8, ,   -12.2, ,     2.0, ,    16.9, ,     4.4, 
 1979,    -9.9, ,   -15.2, ,    -0.7, ,     4.2, ,    11.8, ,    16.2, ,    19.2, ,    16.1, ,    12.0, ,     6.8, ,     2.4, ,    -6.7, ,     4.7, ,   -11.4, ,     5.1, ,    17.2, ,     7.1, 
 1980,   -10.9, ,   -12.1, ,    -4.3, ,     5.0, ,     9.8, ,    14.2, ,    17.7, ,    17.7, ,    10.7, ,     4.4, ,    -2.7, ,   -13.5, ,     3.0, ,    -9.9, ,     3.5, ,    16.5, ,     4.1, 
 1981,   -16.9, ,    -3.5, ,    -2.9, ,     4.5, ,    11.4, ,    15.4, ,    17.7, ,    16.1, ,    11.3, ,     4.8, ,    -0.4, ,    -6.6, ,     4.2, ,   -11.3, ,     4.3, ,    16.4, ,     5.2, 
 1982,   -18.8, ,   -12.3, ,    -5.2, ,     0.5, ,    11.2, ,    14.2, ,    17.3, ,    14.9, ,    13.4, ,     6.7, ,     1.6, ,    -3.8, ,     3.3, ,   -12.6, ,     2.2, ,    15.5, ,     7.2, 
 1983,    -9.3, ,    -8.5, ,    -2.8,E,     4.4, ,     9.7, ,    15.9, ,    18.6, ,    17.8, ,    13.9, ,     5.9, ,     0.6, ,    -9.2, ,     4.8,E,    -7.2, ,     3.8,E,    17.4, ,     6.8, 
 1984,   -13.6, ,    -5.4, ,    -8.6, ,     4.4,E,     9.1, ,    15.5, ,    18.1, ,    18.8, ,    10.0, ,     6.6, ,     0.0, ,    -6.2,E,     4.1,E,    -9.4, ,     1.6,E,    17.5, ,     5.5, 
 1985,   -15.0,E,    -8.3,E,    -5.0, ,     2.3, ,     9.8, ,    14.1,E,    18.1, ,    15.9, ,    12.4, ,     6.2, ,    -1.4, ,   -11.4, ,     3.1,E,    -9.8,E,     2.4, ,    16.0,E,     5.7, 
 1986,   -11.3, ,   -11.6, ,    -4.0, ,     6.2, ,    11.2, ,    12.9, ,    16.5, ,    16.0,E,    10.6, ,     5.3, ,    -3.1,E,    -8.2,E,     3.4,E,   -11.4, ,     4.5, ,    15.1,E,     4.3,E
 1987,   -12.4,E,   -13.0,E,    -3.1,E,     5.9, ,    10.6,E,    15.6,E,    17.9, ,    15.4, ,    11.9, ,     5.7, ,    -1.8,E,    -6.3,E,     3.9,E,   -11.2,E,     4.5,E,    16.3,E,     5.3,E
 1988,   -11.0,E,   -10.4,E,    -5.9,E,     3.5, ,    12.1,E,    14.5,E,    19.4, ,    18.2, ,    11.4, ,     4.8, ,     0.5, ,    -9.3,E,     4.0,E,    -9.2,E,     3.2,E,    17.4,E,     5.6, 
 1989,   -10.4, ,   -11.9,E,    -6.9,E,     2.1,E,    12.7, ,    15.9, ,    17.5, ,    16.6, ,    13.2, ,     7.0,E,    -2.3, ,   -18.3,E,     2.9,E,   -10.5,E,     2.6,E,    16.7, ,     6.0,E
 1990,    -5.7, ,    -9.8, ,    -3.2, ,     4.4,E,     9.3, ,    16.0, ,    18.2, ,    18.0, ,    12.5, ,     7.4, ,     0.5,E,    -5.5, ,     5.2,E,   -11.3,E,     3.5,E,    17.4, ,     6.8,E
 1991,   -12.7, ,    -8.1, ,    -2.3, ,     5.0, ,    11.7, ,    15.9, ,    17.5, ,    18.2,E,    10.2, ,     7.6, ,     0.0, ,    -9.6,E,     4.5,E,    -8.8, ,     4.8, ,    17.2,E,     5.9, 
 1992,   -12.3, ,   -11.2, ,    -6.9, ,     2.4, ,    10.8, ,    15.3, ,    15.2, ,    16.7, ,    12.9, ,     4.1, ,    -1.1, ,    -6.9,E,     3.3,E,   -11.0,E,     2.1, ,    15.7, ,     5.3, 
 1993,   -11.7, ,   -16.3, ,    -5.9, ,     4.5, ,    10.3, ,    14.9, ,    18.1, ,    18.1, ,    12.0, ,     4.1, ,    -0.6, ,    -8.4, ,     3.3, ,   -11.6,E,     3.0, ,    17.0, ,     5.2, 
 1994,   -18.1, ,   -13.6,E,    -4.0, ,     2.7, ,     9.3, ,    16.9, ,    19.8, ,    15.8, ,    11.4, ,     6.9, ,     1.3, ,    -6.0, ,     3.5,E,   -13.4,E,     2.7, ,    17.5, ,     6.5, 
 1995,    -7.6, ,   -12.3, ,    -1.9, ,     1.0, ,     9.9, ,    16.5, ,    19.5, ,    17.0, ,    10.4, ,     8.8, ,    -1.9, ,   -10.5, ,     4.1, ,    -8.6, ,     3.0, ,    17.7, ,     5.8, 
 1996,   -12.5, ,   -10.6,E,    -5.3, ,     3.3, ,     9.1, ,    16.1, ,    17.7, ,    17.0, ,    12.7, ,     5.6, ,    -2.5, ,    -4.0,E,     3.9,E,   -11.2,E,     2.4, ,    16.9, ,     5.3, 
 1997,   -11.9, ,    -9.3, ,    -6.9, ,     1.5, ,     7.5, ,    15.3, ,    17.2, ,    15.5, ,    11.8, ,     5.1,E,    -1.5, ,    -9.1, ,     2.9,E,    -8.4,E,     0.7, ,    16.0, ,     5.1,E
 1998,    -9.4, ,    -6.4, ,    -2.8, ,     4.2, ,    13.2, ,    16.0, ,    17.9,E,    17.1, ,    12.9, ,     6.5, ,     0.4, ,    -4.8, ,     5.4,E,    -8.3, ,     4.9, ,    17.0,E,     6.6, 
 1999,   -12.0, ,    -7.8, ,    -2.0, ,     3.2, ,    12.6, ,    17.9, ,    19.1, ,    16.6, ,    15.6, ,     4.4, ,     2.0, ,    -5.8, ,     5.3, ,    -8.2, ,     4.6, ,    17.9, ,     7.3, 
 2000,   -12.4, ,   -10.1, ,    -1.0,E,     3.4, ,     9.8, ,    14.2,E,    16.3,E,    16.5,E,    11.4,E,     5.1, ,     0.7, ,   -10.7, ,     3.6,E,    -9.4, ,     4.1,E,    15.7,E,     5.7,E
 2001,   -12.5, ,   -10.8, ,    -6.1, ,     2.5,E,    12.0, ,    16.4, ,    16.5, ,    18.5,E,    12.9, ,     7.1, ,     2.3, ,    -2.9, ,     4.7,E,   -11.3, ,     2.8,E,    17.1,E,     7.4, 
 2002,    -7.7, ,    -8.3, ,    -4.8, ,     3.9,E,     8.4, ,    14.0,E,    18.0, ,    17.6,E,    14.2,E,     3.9,E,    -2.1, ,    -8.0,E,     4.1,E,    -6.3, ,     2.5,E,    16.5,E,     5.3,E
 2003,   -16.0,E,   -13.8, ,    -5.8,E,     1.6, ,     9.7,E,    15.6, ,    18.3, ,    18.3,E,    13.9,E,     5.9, ,     0.6, ,    -7.1,E,     3.4,E,   -12.6,E,     1.8,E,    17.4,E,     6.8,E
 2004,   -17.5,E,   -10.7,E,    -2.9,E,     3.9, ,    11.4, ,    13.9,E,    18.2,E,    17.2,E,    12.8, ,     6.4, ,    -0.4,E,    -9.1, ,     3.6,E,   -11.8,E,     4.1,E,    16.4,E,     6.3,E
 2005,   -13.7, ,    -8.1,E,    -5.6,E,     4.1,E,     8.6, ,    17.4, ,    18.6,E,    17.9, ,    13.9, ,     8.0, ,     0.5, ,    -8.4,E,     4.4,E,   -10.3,E,     2.4,E,    18.0,E,     7.5, 
 2006,    -7.0, ,    -9.5, ,    -3.4,E,     4.8, ,    11.8, ,    17.2, ,    19.7, ,    15.2,E,    12.3,E,     6.1,E,     3.2,E,    -4.1,E,     5.5,E,    -8.3,E,     4.4,E,    17.4,E,     7.2,E
 2007,   -10.7,E,   -14.7, ,    -5.3, ,     2.2, ,    10.2, ,    16.4, ,    17.9,E,    16.5,E,    13.5,E,     9.2,E,    -1.0,E,    -8.9,E,     3.8,E,    -9.8,E,     2.4, ,    16.9,E,     7.2,E
 2008,    -8.8,E,    -9.6, ,    -6.2,E,     5.6,E,     9.2,E,    17.2,E,    19.1,E,    17.0, ,    13.4,E,     5.7,E,     1.2, ,    -7.7,E,     4.7,E,    -9.1,E,     2.9,E,    17.8,E,     6.8,E
 2009,   -16.0,E,    -9.0,E,    -3.4, ,     5.7, ,    10.1,E, -9999.9,M, -9999.9,M,    18.5,E,    12.1,E,     4.8,E,     3.0,E,    -7.4,E, -9999.9,M,   -10.9,E,     4.1,E, -9999.9,M,     6.6,E
 2010,    -8.1,E,    -6.1,E,     0.4,E,     7.0,E,    11.9,E,    15.9,E,    20.6, ,    18.1,E,    14.4,E,     6.1,E, -9999.9,M, -9999.9,M, -9999.9,M,    -7.2,E,     6.4,E,    18.2,E, -9999.9,M
 2011, -9999.9,M, -9999.9,M,    -5.1, ,     3.6, ,    11.4, , -9999.9,M, -9999.9,M, -9999.9,M,    14.9, , -9999.9,M, -9999.9,M, -9999.9,M, -9999.9,M, -9999.9,M,     3.3, , -9999.9,M, -9999.9,M
 2012, -9999.9,M, -9999.9,M,     1.1, , -9999.9,M, -9999.9,M, -9999.9,M, -9999.9,M, -9999.9,M,    13.2, , -9999.9,M, -9999.9,M, -9999.9,M, -9999.9,M, -9999.9,M, -9999.9,M, -9999.9,M, -9999.9,M
 2013, -9999.9,M, -9999.9,M, -9999.9,M, -9999.9,M, -9999.9,M, -9999.9,M, -9999.9,M, -9999.9,M, -9999.9,M,     8.0, , -9999.9,M, -9999.9,M, -9999.9,M, -9999.9,M, -9999.9,M, -9999.9,M, -9999.9,M
 2014, -9999.9,M, -9999.9,M, -9999.9,M, -9999.9,M, -9999.9,M, -9999.9,M, -9999.9,M, -9999.9,M, -9999.9,M, -9999.9,M, -9999.9,M, -9999.9,M, -9999.9,M, -9999.9,M, -9999.9,M, -9999.9,M, -9999.9,M
 2015, -9999.9,M, -9999.9,M, -9999.9,M, -9999.9,M, -9999.9,M,    14.9, , -9999.9,M, -9999.9,M, -9999.9,M, -9999.9,M,     3.1, , -9999.9,M, -9999.9,M, -9999.9,M, -9999.9,M, -9999.9,M, -9999.9,M
 2016, -9999.9,M, -9999.9,M, -9999.9,M,     2.1, ,    12.5, , -9999.9,M,    18.0, , -9999.9,M, -9999.9,M,     7.7, ,     2.5, ,    -7.3, , -9999.9,M, -9999.9,M, -9999.9,M, -9999.9,M, -9999.9,M
 2017,    -7.0, ,    -7.2, ,    -6.6, ,     6.1, ,    10.9, ,    16.1, ,    17.9, ,    16.5, ,    15.3,E,    10.6, ,    -0.5, ,   -10.9, ,     5.1,E,    -7.2, ,     3.5, ,    16.8, ,     8.5,E
 2018,   -10.9, ,    -6.3, ,    -3.0, ,     1.9, ,    12.4, ,    14.9, ,    20.1, ,    19.8, ,    14.2, ,     5.1, ,    -2.5, ,    -7.3, ,     4.9, ,    -9.4, ,     3.8, ,    18.3, ,     5.6, 
 2019,   -12.6, ,   -10.9, ,    -5.4, ,     3.0, , -9999.9,M,    15.3, ,    19.8, ,    17.3, , -9999.9,M,     7.4, , -9999.9,M, -9999.9,M, -9999.9,M,   -10.3, , -9999.9,M,    17.5, , -9999.9,M
