7017760,ST_TITE             ,QUE , station not joined, Monthly mean of homogenized daily mean temperature                     , Deg Celcius,          Updated to December 2019
7017760,ST_TITE             ,QUE , station non jointe, Moyenne mensuelle des temperatures quotidiennes moyennes homogeneisees , Deg Celsius, Mise a jour jusqu a decembre 2019
 Year,     Jan, ,     Feb, ,     Mar, ,     Apr, ,     May, ,     Jun, ,     Jul, ,     Aug, ,     Sep, ,     Oct, ,     Nov, ,     Dec, ,  Annual, ,  Winter, ,  Spring, ,  Summer, ,  Autumn
Annee,    Janv, ,     Fev, ,    Mars, ,     Avr, ,     Mai, ,    Juin, ,    Juil, ,    Aout, ,    Sept, ,     Oct, ,     Nov, ,     Dec, ,  Annuel, ,   Hiver, ,Printemp, ,     Ete, , Automne
 1920, -9999.9,M, -9999.9,M, -9999.9,M, -9999.9,M,    11.5, ,    15.5, ,    16.4, ,    18.1, ,    13.0, ,     8.0, ,    -4.0, ,    -9.3, , -9999.9,M, -9999.9,M, -9999.9,M,    16.7, ,     5.7, 
 1921,   -13.6, ,   -14.2, ,    -3.8, ,     5.3, ,    11.6, ,    15.5, ,    21.1, ,    15.7, ,    12.8, ,     5.6, ,    -5.0, ,   -12.3, ,     3.2, ,   -12.4, ,     4.4, ,    17.4, ,     4.5, 
 1922,   -16.5, ,   -14.3, ,    -5.0, ,     3.9, ,    12.5, ,    16.5, ,    17.8, ,    17.2, ,    12.8, ,     4.8, ,    -2.0, ,   -14.7, ,     2.8, ,   -14.4, ,     3.8, ,    17.2, ,     5.2, 
 1923,   -16.8, ,   -19.2, ,   -12.1, ,    -0.9, ,     9.7, ,    15.8, ,    17.4, , -9999.9,M, -9999.9,M, -9999.9,M, -9999.9,M,    -4.1, , -9999.9,M,   -16.9, ,    -1.1, , -9999.9,M, -9999.9,M
 1924,   -16.5, ,   -15.3, ,    -2.5, ,     2.4, ,     8.4, ,    15.6, , -9999.9,M,    17.2, ,    12.3, ,     7.4, ,    -0.6, ,   -14.5, , -9999.9,M,   -12.0, ,     2.8, , -9999.9,M,     6.4, 
 1925,   -18.4, ,    -9.3, ,    -4.0, ,     3.1, ,     9.0, ,    15.9, ,    17.5, ,    18.5, ,    11.1, ,     1.5, ,    -3.3, ,   -11.0, ,     2.6, ,   -14.1, ,     2.7, ,    17.3, ,     3.1, 
 1926,   -15.1, ,   -14.2, ,    -9.9, ,    -2.3, ,     8.6, ,    13.9, ,    16.9, ,    16.4, , -9999.9,M,     4.8, ,    -3.1, ,   -13.7, , -9999.9,M,   -13.4, ,    -1.2, ,    15.7, , -9999.9,M
 1927,   -14.3, ,   -14.2, ,    -4.0, ,     2.9, ,     8.6, ,    14.0, ,    18.5, ,    15.9, ,    13.0, ,     7.0, ,    -0.7, ,   -11.2, ,     3.0, ,   -14.1, ,     2.5, ,    16.1, ,     6.4, 
 1928,   -16.0, ,   -17.4, ,    -8.0, ,    -0.6, ,     9.8, ,    14.9, , -9999.9,M,    18.7, ,    10.7, ,     5.9, ,    -2.4, ,    -8.8, , -9999.9,M,   -14.9, ,     0.4, , -9999.9,M,     4.7, 
 1929,   -15.0, ,   -13.8, ,    -6.0, ,     1.1, ,     9.8, ,    15.3, ,    17.4, ,    15.7, ,    12.7, ,     5.5, ,    -3.5, ,   -13.0, ,     2.2, ,   -12.5, ,     1.6, ,    16.1, ,     4.9, 
 1930,   -15.6, ,   -13.8, ,    -6.3, ,     0.7, ,    11.2, ,    18.7, ,    18.0, ,    17.1, ,    13.5, ,     6.8, ,     0.2, ,    -9.3, ,     3.4, ,   -14.1, ,     1.9, ,    17.9, ,     6.8, 
 1931,   -15.1, ,   -12.6, ,    -1.3, ,     5.4, ,    12.5, ,    16.3, ,    20.4, ,    17.6, ,    13.5, ,     7.9, ,     2.1, ,    -9.4, ,     4.8, ,   -12.3, ,     5.5, ,    18.1, ,     7.8, 
 1932,    -8.3, ,   -12.7, ,    -8.9, ,     1.9, ,    11.2, ,    15.9, ,    17.4, ,    18.8, ,    13.8, ,     6.7, ,    -5.3, ,   -10.2, ,     3.4, ,   -10.1, ,     1.4, ,    17.4, ,     5.1, 
 1933,   -10.1, ,   -11.3, ,    -7.0, ,     2.8, ,    11.3, ,    17.6, ,    18.7, ,    16.9, ,    13.7, ,     5.2, ,    -8.4, ,   -16.4, ,     2.8, ,   -10.5, ,     2.4, ,    17.7, ,     3.5, 
 1934,   -16.3, ,   -21.5, ,    -9.3, ,     2.9, ,    11.3, ,    16.2, , -9999.9,M, -9999.9,M,    15.4, ,     4.3, ,    -1.1, ,   -13.7, , -9999.9,M,   -18.1, ,     1.6, , -9999.9,M,     6.2, 
 1935,   -18.6, ,   -15.7, ,    -8.3, ,     3.4, ,     8.9, ,    16.2, , -9999.9,M,    17.8, ,    11.1, ,     5.9, ,     0.6, ,   -10.7, , -9999.9,M,   -16.0, ,     1.3, , -9999.9,M,     5.9, 
 1936,   -14.4, ,   -17.3, ,    -3.1, ,     0.8, , -9999.9,M,    14.1, , -9999.9,M,    17.2, ,    13.4, ,     5.0, ,    -5.5, ,    -8.4, , -9999.9,M,   -14.1, , -9999.9,M, -9999.9,M,     4.3, 
 1937,    -9.2, ,    -8.5, ,    -8.5, ,     4.0, ,    14.2, ,    17.9, ,    21.1, ,    21.1, ,    13.5, ,     7.9, ,     0.4, ,    -9.3, ,     5.4, ,    -8.7, ,     3.2, ,    20.0, ,     7.3, 
 1938,   -13.8, ,   -12.0, ,    -6.4, ,     4.9, ,    12.1, ,    18.1, ,    20.2, ,    19.9, ,    12.4, ,     7.7, ,     0.4, ,    -7.6, ,     4.7, ,   -11.7, ,     3.5, ,    19.4, ,     6.8, 
 1939,   -13.9, ,   -14.5, ,    -8.1, ,     1.8, ,    12.0, ,    17.2, ,    20.8, ,    20.7, ,    13.5, ,     6.8, ,    -1.8, ,    -7.8, ,     3.9, ,   -12.0, ,     1.9, ,    19.6, ,     6.2, 
 1940,   -13.6, ,   -10.0, ,    -3.4, ,     4.3, ,    13.9, ,    17.7, ,    20.6, ,    18.6, ,    13.2, ,     5.3, ,    -1.4, ,    -9.6, ,     4.6, ,   -10.5, ,     4.9, ,    19.0, ,     5.7, 
 1941,   -12.5, ,    -8.3, ,    -4.7, ,     6.5, ,    11.8, ,    17.3, ,    19.7, ,    15.7, ,    12.7, ,     5.1, ,    -0.8, ,    -6.6, ,     4.7, ,   -10.1, ,     4.5, ,    17.6, ,     5.7, 
 1942,   -13.2, ,    -8.8, ,    -1.3, ,     4.3, ,    13.5, ,    17.0, ,    18.1, ,    16.4, ,    12.8, ,     6.4, ,    -1.8, ,   -13.5, ,     4.2, ,    -9.5, ,     5.5, ,    17.2, ,     5.8, 
 1943,   -15.6, ,   -11.1, ,    -7.7, ,    -1.3, ,    10.3, ,    16.1, ,    19.2, ,    17.3, , -9999.9,M, -9999.9,M,    -1.3, ,   -14.3, , -9999.9,M,   -13.4, ,     0.4, ,    17.5, , -9999.9,M
 1944,   -11.8, ,   -12.6, ,    -8.3, ,     0.2, ,    12.9, ,    15.6, ,    19.0, ,    18.5, ,    13.5, ,     4.7, ,    -0.3, ,   -12.9, ,     3.2, ,   -12.9, ,     1.6, ,    17.7, ,     6.0, 
 1945,   -16.0, ,   -10.4, ,    -2.6, ,     5.9, ,     9.0, ,    14.8, ,    18.0, ,    17.3, ,    13.9, ,     4.4, ,    -2.3, ,   -11.1, ,     3.4, ,   -13.1, ,     4.1, ,    16.7, ,     5.3, 
 1946,   -14.1, ,   -15.2, ,    -2.1, ,     2.6, ,     8.5, , -9999.9,M,    17.4, ,    16.1, ,    13.9, ,     7.8, ,    -1.8, ,    -9.8, , -9999.9,M,   -13.5, ,     3.0, , -9999.9,M,     6.6, 
 1947,   -13.7, ,   -12.7, ,    -3.7, ,    -1.3, ,     7.4, ,    15.2, , -9999.9,M,    19.7, ,    12.2, ,     9.5, ,    -1.6, ,   -11.3, , -9999.9,M,   -12.1, ,     0.8, , -9999.9,M,     6.7, 
 1948,   -15.2, ,   -16.7, ,    -6.9, ,     3.4, ,    10.5, ,    15.1, ,    19.6, ,    19.0, ,    14.1, ,     6.6, ,     3.1, ,    -5.9, ,     3.9, ,   -14.4, ,     2.3, ,    17.9, ,     7.9, 
 1949,    -9.8, ,   -11.5, ,    -4.7, ,     5.2, ,    10.5, ,    17.4, ,    19.2, ,    18.4, ,    12.0, ,     7.5, ,    -3.3, ,    -8.9, ,     4.3, ,    -9.1, ,     3.7, ,    18.3, ,     5.4, 
 1950,   -10.8, ,   -14.9, ,    -7.9, ,     2.4, ,    11.5, ,    15.3, ,    18.4, ,    16.6, ,    10.5, ,     6.3, ,     1.3, ,    -8.9, ,     3.3, ,   -11.5, ,     2.0, ,    16.8, ,     6.0, 
 1951,   -11.9, ,   -10.3, ,    -3.4, ,     4.2, , -9999.9,M, -9999.9,M, -9999.9,M,    16.2, ,    12.8, ,     6.8, ,    -2.9, ,    -9.9, , -9999.9,M,   -10.4, , -9999.9,M, -9999.9,M,     5.6, 
 1952,   -14.4, ,    -9.2, ,    -3.4, ,     3.7, ,     9.5, ,    16.4, ,    20.8, ,    16.9, ,    12.7, ,     4.2, ,    -0.6, ,    -7.3, ,     4.1, ,   -11.2, ,     3.3, ,    18.0, ,     5.4, 
 1953,   -10.4, ,   -10.0, ,    -4.2, ,     5.3, ,    12.0, ,    16.1, ,    18.1, ,    16.2, ,    12.2, ,     6.1, ,     1.3, ,    -6.2, ,     4.7, ,    -9.2, ,     4.4, ,    16.8, ,     6.5, 
 1954,   -17.4, ,    -6.7, ,    -6.4, ,     1.5, ,     9.9, ,    15.2, ,    16.6, ,    16.2, ,    10.8, ,     6.5, ,    -0.1, ,    -8.7, ,     3.1, ,   -10.1, ,     1.7, ,    16.0, ,     5.7, 
 1955,   -13.3, ,   -11.9, ,    -7.1, ,     4.5, ,    12.0, ,    17.3, ,    20.2, ,    18.9, , -9999.9,M,     7.2, ,    -1.0, ,   -12.4, , -9999.9,M,   -11.3, ,     3.1, ,    18.8, , -9999.9,M
 1956,    -7.7, ,   -10.9, ,    -9.3, ,     2.1, ,     6.2, ,    15.5, ,    16.4, ,    15.9, ,     9.7, ,     6.3, ,    -0.6, ,   -10.3, ,     2.8, ,   -10.3, ,    -0.3, ,    15.9, ,     5.1, 
 1957,   -17.7, ,   -10.2, ,    -4.0, ,     3.1, ,     9.4, ,    16.1, ,    17.2, ,    14.2, , -9999.9,M, -9999.9,M,     2.4, ,    -6.7, , -9999.9,M,   -12.7, ,     2.8, ,    15.8, , -9999.9,M
 1958,    -9.9, ,   -13.3, ,    -1.1, ,     4.4, ,     8.5, ,    12.9, ,    17.3, ,    15.7, ,    11.8, ,     5.5, ,    -0.1, ,   -17.4, ,     2.9, ,   -10.0, ,     3.9, ,    15.3, ,     5.7, 
 1959,   -13.3, ,   -16.5, ,    -7.6, ,     3.5, ,    12.5, ,    15.0, ,    19.8, ,    17.8, ,    13.7, ,     5.5, ,    -2.4, ,    -8.5, ,     3.3, ,   -15.7, ,     2.8, ,    17.5, ,     5.6, 
 1960,   -10.7, ,    -7.3, ,    -6.8, ,     2.7, ,    14.2, ,    16.3, ,    17.3, ,    16.8, ,    13.1, ,     5.9, ,     1.7, ,   -10.0, ,     4.4, ,    -8.8, ,     3.4, ,    16.8, ,     6.9, 
 1961,   -16.6, ,   -10.8, ,    -5.7, ,     3.8, ,     8.9, ,    14.2, ,    18.2, ,    17.5, ,    14.9, ,     7.5, , -9999.9,M, -9999.9,M, -9999.9,M,   -12.5, ,     2.3, ,    16.6, , -9999.9,M
 1962, -9999.9,M,   -15.0, ,    -2.8, ,     2.6, ,    10.7, ,    16.0, ,    15.9, ,    16.9, , -9999.9,M,     6.4, ,    -2.3, ,   -11.2, , -9999.9,M, -9999.9,M,     3.5, ,    16.3, , -9999.9,M
 1963,   -13.9, ,   -15.8, ,    -6.4, ,     3.4, ,    10.0, ,    16.9, ,    19.8, , -9999.9,M, -9999.9,M, -9999.9,M,     1.6, ,   -14.3, , -9999.9,M,   -13.6, ,     2.3, , -9999.9,M, -9999.9,M
 1964,   -10.8, ,   -11.3, ,    -4.8, ,     3.4, ,    11.6, ,    15.3, ,    19.0, ,    14.9, ,    10.8, ,     4.6, ,    -1.9, ,    -8.9, ,     3.5, ,   -12.1, ,     3.4, ,    16.4, ,     4.5, 
 1965,   -14.4, ,   -13.6, ,    -4.4, ,     3.2, ,    10.7, ,    16.2, ,    15.9, ,    16.4, ,    12.7, ,     5.1, ,    -3.5, ,    -7.8, ,     3.0, ,   -12.3, ,     3.2, ,    16.2, ,     4.8, 
 1966,   -11.4, ,   -10.8, ,    -3.6, ,     3.3, ,     8.9, ,    16.5, ,    18.2, ,    16.8, ,    10.9, ,     5.9, ,     1.0, ,    -8.2, ,     4.0, ,   -10.0, ,     2.9, ,    17.2, ,     5.9, 
 1967,   -10.9, ,   -16.3, ,    -8.9, ,     1.3, ,     7.2, ,    17.0, ,    19.2, ,    17.0, ,    12.3, ,     5.9, ,    -2.2, ,    -8.4, ,     2.8, ,   -11.8, ,    -0.1, ,    17.7, ,     5.3, 
 1968,   -17.0, ,   -14.3, ,    -3.9, ,     5.1, ,     9.5, ,    14.6, ,    18.3, ,    15.3, ,    14.9, ,     8.8, ,    -2.9, ,   -11.0, ,     3.1, ,   -13.2, ,     3.6, ,    16.1, ,     6.9, 
 1969,   -10.9, ,    -8.1, ,    -4.5, ,     1.4, ,     9.2, ,    15.9, ,    18.1, ,    19.0, ,    11.0, ,     6.3, ,     0.8, ,    -8.2, ,     4.2, ,   -10.0, ,     2.0, ,    17.7, ,     6.0, 
 1970,   -17.4, ,   -12.7, ,    -4.8, ,     3.1, ,    10.8, ,    16.0, ,    19.9, ,    18.4, ,    11.9, ,     8.3, ,     0.8, ,   -11.8, ,     3.5, ,   -12.8, ,     3.0, ,    18.1, ,     7.0, 
 1971,   -15.9, ,   -11.1, ,    -4.7, ,     1.6,E,    10.8, ,    16.1, ,    17.8, ,    17.2, ,    14.6, ,     8.8, ,    -2.7, ,   -11.5, ,     3.4,E,   -12.9, ,     2.6,E,    17.0, ,     6.9, 
 1972,   -13.3, ,   -14.8, ,    -7.6, ,     1.8, ,    11.5, ,    15.9, ,    18.4, ,    16.1, ,    12.8, ,     4.0, ,    -0.3, ,    -8.6, ,     3.0, ,   -13.2, ,     1.9, ,    16.8, ,     5.5, 
 1973,   -12.2, ,   -12.1,E,    -0.8, ,     3.2, ,    10.5, ,    17.8, ,    20.2, ,    19.9, ,    12.3, ,     7.5, ,    -1.6, ,    -7.9, ,     4.7,E,   -11.0,E,     4.3, ,    19.3, ,     6.1, 
 1974,   -14.5, ,   -12.9, ,    -6.8, ,     1.4, ,     7.2, ,    16.9, ,    19.0, ,    17.9, ,    11.4, ,     3.7, ,    -0.9, ,    -6.5, ,     3.0, ,   -11.8, ,     0.6, ,    17.9, ,     4.7, 
 1975,   -12.6, ,   -12.0, ,    -6.2, ,     1.0, ,    15.0, ,    17.5, , -9999.9,M,    18.6, ,    12.7, ,     7.4, ,     0.8, ,   -12.3, , -9999.9,M,   -10.4, ,     3.3, , -9999.9,M,     7.0, 
 1976,   -16.9, ,   -10.9, ,    -6.2, ,     4.5, ,    10.8, ,    18.3, ,    17.9, ,    17.7, ,    11.9, ,     4.3, ,    -2.8, ,   -15.1, ,     2.8, ,   -13.4, ,     3.0, ,    18.0, ,     4.5, 
 1977,   -15.8, ,   -10.3, ,    -1.2, ,     3.4, ,    13.2, ,    16.0, ,    18.9, ,    16.9, ,    12.2, ,     6.5, ,     0.4, ,    -9.9, ,     4.2, ,   -13.7, ,     5.1, ,    17.3, ,     6.4, 
 1978,   -13.9, ,   -12.7, ,    -7.3, ,     2.6, ,    14.1, ,    16.6, ,    19.4, ,    17.7, ,    10.3, ,     5.5, ,    -2.3, ,   -10.5, ,     3.3, ,   -12.2, ,     3.1, ,    17.9, ,     4.5, 
 1979,   -11.4, ,   -15.5, ,    -1.2, ,     5.0, ,    12.2, ,    16.8, ,    19.9, ,    16.9, ,    11.9, ,     7.2, ,     1.5, ,    -7.3, ,     4.7, ,   -12.5, ,     5.3, ,    17.9, ,     6.9, 
 1980,   -11.9,E,   -10.9, ,    -4.1, ,     5.7, ,    11.8, ,    15.2, ,    18.5, ,    18.9, ,    11.1, ,     4.5, ,    -2.3, ,   -15.3, ,     3.4,E,   -10.0,E,     4.5, ,    17.5, ,     4.4, 
 1981,   -17.2, ,    -5.3, ,    -2.2, ,     5.4, ,    11.5,E,    16.2, ,    19.3, ,    18.1,E,    13.0, ,     4.4, ,    -0.3, ,    -6.9, ,     4.7,E,   -12.6, ,     4.9,E,    17.9,E,     5.7, 
 1982,   -19.0,E,   -13.2,E,    -5.4, ,     1.1, ,    13.2, ,    15.1, ,    18.7, ,    15.1, ,    13.7, ,     7.4, ,     0.5, ,    -6.4, ,     3.4,E,   -13.0,E,     3.0, ,    16.3, ,     7.2, 
 1983,   -11.4, , -9999.9,M,    -1.8, ,     4.3, , -9999.9,M,    17.4,E,    20.0, ,    18.9, ,    15.3, ,     6.0, ,     0.3, ,   -11.8, , -9999.9,M, -9999.9,M, -9999.9,M,    18.8,E,     7.2, 
 1984,   -15.7, ,    -5.6, ,    -8.5,E,     4.6, ,     9.3, ,    15.7,E,    18.9, ,    19.1, ,    10.3, ,     6.7, ,    -0.3, ,    -8.4,E,     3.8,E,   -11.0, ,     1.8,E,    17.9,E,     5.6, 
 1985,   -16.2,E, -9999.9,M, -9999.9,M, -9999.9,M, -9999.9,M, -9999.9,M, -9999.9,M, -9999.9,M, -9999.9,M, -9999.9,M, -9999.9,M, -9999.9,M, -9999.9,M, -9999.9,M, -9999.9,M, -9999.9,M, -9999.9,M
