7033160,HUBERDEAU           ,QUE , station not joined, Monthly mean of homogenized daily mean temperature                     , Deg Celcius,          Updated to December 2019
7033160,HUBERDEAU           ,QUE , station non jointe, Moyenne mensuelle des temperatures quotidiennes moyennes homogeneisees , Deg Celsius, Mise a jour jusqu a decembre 2019
 Year,     Jan, ,     Feb, ,     Mar, ,     Apr, ,     May, ,     Jun, ,     Jul, ,     Aug, ,     Sep, ,     Oct, ,     Nov, ,     Dec, ,  Annual, ,  Winter, ,  Spring, ,  Summer, ,  Autumn
Annee,    Janv, ,     Fev, ,    Mars, ,     Avr, ,     Mai, ,    Juin, ,    Juil, ,    Aout, ,    Sept, ,     Oct, ,     Nov, ,     Dec, ,  Annuel, ,   Hiver, ,Printemp, ,     Ete, , Automne
 1913, -9999.9,M, -9999.9,M, -9999.9,M, -9999.9,M, -9999.9,M, -9999.9,M, -9999.9,M, -9999.9,M, -9999.9,M, -9999.9,M, -9999.9,M,    -5.8, , -9999.9,M, -9999.9,M, -9999.9,M, -9999.9,M, -9999.9,M
 1914,   -12.3, ,   -16.2, ,    -4.1, ,     1.9, ,    13.2, ,    14.8, ,    18.0, ,    16.5, ,    12.9, ,     8.3, ,    -2.4, ,   -10.2, ,     3.4, ,   -11.4, ,     3.7, ,    16.4, ,     6.3, 
 1915,    -9.4, ,    -6.9, ,    -4.1, ,     8.6, ,     9.4, ,    16.7, ,    18.4, ,    16.8, ,    14.1, ,     7.8, ,     0.6, ,    -6.9, ,     5.4, ,    -8.8, ,     4.6, ,    17.3, ,     7.5, 
 1916,    -8.9, ,   -12.0, ,    -8.1, , -9999.9,M, -9999.9,M,    15.1, ,    20.9, ,    18.7, ,    13.2, ,     6.8, ,    -1.6, ,    -8.9, , -9999.9,M,    -9.3, , -9999.9,M,    18.2, ,     6.1, 
 1917,   -13.5, ,   -15.5, ,    -4.6, ,     3.6, ,     7.9, ,    15.7, ,    19.7, ,    17.0, ,    12.0, ,     4.7, ,    -3.5, ,   -15.3, ,     2.4, ,   -12.6, ,     2.3, ,    17.5, ,     4.4, 
 1918,   -16.2, ,   -12.5, ,    -5.0, ,     5.1, ,    13.0, ,    14.6, ,    19.6, ,    17.9, ,    10.4, ,     6.8, ,     0.3, ,    -7.9, ,     3.8, ,   -14.7, ,     4.4, ,    17.4, ,     5.8, 
 1919,    -8.8, ,    -9.1, ,    -3.7, ,     2.3, ,    11.6, ,    19.6, ,    19.6, , -9999.9,M, -9999.9,M,     6.6, ,    -2.0, ,   -12.8, , -9999.9,M,    -8.6, ,     3.4, , -9999.9,M, -9999.9,M
 1920,   -19.5, , -9999.9,M, -9999.9,M, -9999.9,M, -9999.9,M, -9999.9,M,    18.1, ,    19.6, ,    14.8, ,     9.6, , -9999.9,M,    -6.6, , -9999.9,M, -9999.9,M, -9999.9,M, -9999.9,M, -9999.9,M
 1921,    -9.8, ,    -9.1, ,    -0.2, ,     7.7, , -9999.9,M, -9999.9,M,    22.9, ,    17.9, ,    15.1, ,     6.9, ,    -2.5, , -9999.9,M, -9999.9,M,    -8.5, , -9999.9,M, -9999.9,M,     6.5, 
 1922,   -10.9, ,    -8.6, ,    -2.1, ,     5.5, ,    13.4, ,    17.1, ,    18.1, ,    16.9, ,    14.4, ,     6.3, ,     0.5, ,    -9.1, ,     5.1, , -9999.9,M,     5.6, ,    17.4, ,     7.1, 
 1923, -9999.9,M,   -14.4, ,    -7.4, ,     2.6, ,     9.9, ,    17.1, ,    17.5, ,    15.6, ,    13.9, ,     6.9, ,     0.7, ,    -2.4, , -9999.9,M, -9999.9,M,     1.7, ,    16.7, ,     7.2, 
 1924,   -11.8, ,   -13.5, ,    -1.8, ,     3.6, ,     8.5, ,    15.0, ,    18.4, ,    17.8, ,    12.2, ,     8.0, ,     1.9, ,    -9.6, ,     4.1, ,    -9.2, ,     3.4, ,    17.1, ,     7.4, 
 1925,   -14.0, ,    -5.6, ,    -0.8, ,     5.7, ,     9.5, ,    17.3, ,    17.5, ,    19.1, ,    12.7, ,     2.9, ,    -0.6, ,    -7.9, ,     4.7, ,    -9.7, ,     4.8, ,    18.0, ,     5.0, 
 1926,   -10.9, ,   -11.0, ,    -7.4, ,     0.3, ,    10.2, ,    14.5, ,    18.4, ,    17.5, ,    12.4, ,     6.6, ,    -0.2, ,    -9.4, ,     3.4, ,    -9.9, ,     1.0, ,    16.8, ,     6.3, 
 1927,   -10.9, ,    -9.8, ,    -0.9, ,     5.6, ,    10.4, ,    14.2, ,    18.2, ,    16.3, ,    13.8, ,     9.0, ,     1.4, ,    -6.4, ,     5.1, ,   -10.0, ,     5.0, ,    16.2, ,     8.1, 
 1928,   -10.6, ,   -11.5, ,    -5.7, ,     1.8, ,    10.1, ,    14.1, ,    18.4, ,    19.4, ,    10.2, ,     5.9, ,    -0.4, ,    -4.9, ,     3.9, ,    -9.5, ,     2.1, ,    17.3, ,     5.2, 
 1929,   -12.4, ,   -10.7, ,    -2.2, ,     3.8, ,     9.9, ,    16.6, ,    18.2, ,    15.9, ,    14.8, ,     6.8, ,    -0.3, ,    -9.0, ,     4.3, ,    -9.3, ,     3.8, ,    16.9, ,     7.1, 
 1930,   -11.0, ,   -10.0, ,    -4.6, ,     2.3, ,    11.3, ,    18.5, ,    17.9, ,    18.0, ,    14.1, ,     8.1, ,     1.8, ,    -7.2, ,     4.9, ,   -10.0, ,     3.0, ,    18.1, ,     8.0, 
 1931,   -11.3, ,   -10.1, ,    -0.4, ,     6.0, ,    12.6, ,    16.9, ,    21.2, ,    18.2, ,    15.3, ,     9.3, ,     4.1, ,    -6.0, ,     6.3, ,    -9.5, ,     6.1, ,    18.8, ,     9.6, 
 1932,    -3.8, ,    -9.7, ,    -5.8, ,     2.7, ,    12.2, ,    16.8, ,    17.6, ,    18.9, ,    14.2, ,     8.5, ,    -2.4, ,    -5.8, ,     5.3, ,    -6.5, ,     3.0, ,    17.8, ,     6.8, 
 1933,    -5.4, ,    -9.4, ,    -5.5, ,     5.0, ,    11.9, ,    17.4, ,    18.7, ,    17.3, ,    14.3, ,     5.3, ,    -6.3, ,   -14.0, ,     4.1, ,    -6.9, ,     3.8, ,    17.8, ,     4.4, 
 1934,   -10.9, ,   -17.3, ,    -6.1, ,     3.6, ,    11.3, ,    17.3, ,    19.1, ,    15.1, ,    15.3, ,     4.6, ,     1.4, ,   -11.3, ,     3.5, ,   -14.1, ,     2.9, ,    17.2, ,     7.1, 
 1935,   -15.4, ,   -12.7, ,    -5.4, ,     4.5, ,     8.8, ,    15.8, ,    20.3, ,    18.3, ,    10.8, ,     6.3, ,     1.5, ,   -10.2, ,     3.6, ,   -13.1, ,     2.6, ,    18.1, ,     6.2, 
 1936,   -12.1, ,   -14.0, ,    -1.4, ,     2.5, ,    12.3, ,    15.9, ,    17.9, ,    16.4, ,    12.9, ,     5.1, ,    -4.2, ,    -8.2, ,     3.6, ,   -12.1, ,     4.5, ,    16.7, ,     4.6, 
 1937,    -7.2, ,    -7.6, ,    -7.5, ,     4.0, ,    12.5, ,    17.1, ,    19.7, ,    20.3, ,    12.8, ,     5.4, ,     0.1, ,    -9.7, ,     5.0, ,    -7.7, ,     3.0, ,    19.0, ,     6.1, 
 1938,   -12.3, ,   -10.9, ,    -5.5, ,     4.9, ,    11.3, ,    16.9, ,    19.5, ,    19.5, ,    10.8, ,     7.8, ,     0.2, ,    -7.6, ,     4.6, ,   -11.0, ,     3.6, ,    18.6, ,     6.3, 
 1939,   -12.3, ,   -12.2, ,    -8.7, ,     1.6, ,    11.2, ,    16.5, ,    19.2, ,    19.6, ,    12.3, ,     5.8, ,    -2.5, ,    -8.1, ,     3.5, ,   -10.7, ,     1.4, ,    18.4, ,     5.2, 
 1940,   -14.9, ,   -11.3, ,    -6.6, ,     1.9, ,    11.8, ,    15.9, ,    18.5, ,    17.9, ,    13.3, ,     4.8, ,    -1.6, ,    -8.6, ,     3.4, ,   -11.4, ,     2.4, ,    17.4, ,     5.5, 
 1941,   -13.3, ,    -9.7, ,    -6.7, ,     7.1, ,    12.1, , -9999.9,M, -9999.9,M, -9999.9,M, -9999.9,M, -9999.9,M, -9999.9,M, -9999.9,M, -9999.9,M,   -10.5, ,     4.2, , -9999.9,M, -9999.9,M
 1942, -9999.9,M, -9999.9,M, -9999.9,M, -9999.9,M, -9999.9,M, -9999.9,M, -9999.9,M, -9999.9,M,    12.4, ,     6.1, ,     0.0, ,   -10.3, , -9999.9,M, -9999.9,M, -9999.9,M, -9999.9,M,     6.2, 
 1943,   -12.0, ,    -7.6, ,    -5.9, ,    -1.4, ,    10.1, ,    16.3, ,    18.8, ,    14.5, ,    11.7, ,     6.9, ,    -0.9, ,   -12.1, ,     3.2, ,   -10.0, ,     0.9, ,    16.5, ,     5.9, 
 1944,    -9.3, ,   -11.9, ,    -5.5, ,     2.0, ,    14.8, ,    16.9, ,    19.1, ,    19.5, ,    14.4, ,     7.6, ,     1.7, ,    -9.6, ,     5.0, ,   -11.1, ,     3.8, ,    18.5, ,     7.9, 
 1945,   -13.1, ,    -7.9, ,     2.6, ,     9.7, ,    10.1, ,    16.0, ,    19.0, ,    18.4, ,    14.0, ,     7.1, ,     0.1, ,    -9.7, ,     5.5, ,   -10.2, ,     7.5, ,    17.8, ,     7.1, 
 1946,   -10.9, ,   -11.8, ,     2.0, ,     4.3, ,    10.4, ,    16.3, ,    19.3, ,    16.1, ,    14.2, ,     8.6, ,     1.1, ,    -8.7, ,     5.1, ,   -10.8, ,     5.6, ,    17.2, ,     8.0, 
 1947,   -11.1, ,   -12.8, ,    -2.7, ,     1.7, ,     9.3, ,    16.5, , -9999.9,M, -9999.9,M,    14.3, ,    10.6, ,    -0.4, ,    -9.4, , -9999.9,M,   -10.9, ,     2.8, , -9999.9,M,     8.2, 
 1948,   -12.7, ,   -12.4, ,    -4.0, ,     5.8, ,    11.6, ,    15.6, ,    18.9, ,    18.6, ,    14.9, ,     7.3, ,     5.5, ,    -4.5, ,     5.4, ,   -11.5, ,     4.5, ,    17.7, ,     9.2, 
 1949,    -7.0, ,    -6.8, ,    -4.5, ,     5.4, ,    10.9, ,    18.5, ,    19.8, ,    18.9, ,    11.5, ,     9.0, ,    -2.3, ,    -5.4, ,     5.7, ,    -6.1, ,     3.9, ,    19.1, ,     6.1, 
 1950,    -6.5, ,   -12.2, ,    -6.6, ,     2.3, ,    11.7, ,    16.2, ,    18.5, ,    16.5, ,    11.5, ,     7.7, ,     1.7, ,    -7.2, ,     4.5, ,    -8.0, ,     2.5, ,    17.1, ,     7.0, 
 1951,    -9.4, ,    -8.2, ,    -2.0, ,     5.7, ,    12.4, ,    16.5, ,    18.9, ,    16.7, ,    12.9, ,     8.6, ,    -2.1, ,    -7.9, ,     5.2, ,    -8.3, ,     5.4, ,    17.4, ,     6.5, 
 1952,   -11.0, ,    -6.7, ,    -3.1, ,     6.0, ,    10.2, ,    17.9, ,    21.3, ,    18.6, ,    14.8, ,     6.2, , -9999.9,M,    -5.1, , -9999.9,M,    -8.5, ,     4.4, ,    19.3, , -9999.9,M
 1953,    -7.9, ,    -7.4, ,    -1.8, ,     4.7, ,    12.4, ,    16.7, ,    19.3, ,    17.5, ,    13.4, ,     8.0, ,     3.0, ,    -3.9, ,     6.2, ,    -6.8, ,     5.1, ,    17.8, ,     8.1, 
 1954,   -14.4, ,    -5.5, ,    -5.1, ,     4.1, ,    10.4, ,    17.0, ,    17.4, ,    16.6, ,    11.6, ,     7.8, ,     1.1, ,    -7.9, ,     4.4, ,    -7.9, ,     3.1, ,    17.0, ,     6.8, 
 1955,   -13.1, ,    -9.3, ,    -5.4, ,     6.2, ,    13.4, ,    18.3, ,    21.0, ,    20.5, ,    12.5, ,     8.5, ,    -0.4, ,   -12.1, ,     5.0, ,   -10.1, ,     4.7, ,    19.9, ,     6.9, 
 1956,    -8.3, ,    -8.8, ,    -7.3, ,     2.9, ,     7.8, ,    16.2, ,    16.6, ,    16.7, ,    11.0, ,     7.9, ,     0.9, ,    -7.5, ,     4.0, ,    -9.7, ,     1.1, ,    16.5, ,     6.6, 
 1957,   -14.8, ,    -7.3, ,    -2.4, ,     5.1, ,    10.4, ,    17.3, ,    17.8, ,    15.3, ,    13.2, ,     7.2, ,     2.0, ,    -5.5, ,     4.9, ,    -9.9, ,     4.4, ,    16.8, ,     7.5, 
 1958,    -9.7, ,   -12.1, ,     0.0, ,     5.7, ,     9.0, ,    13.0, ,    18.3, ,    16.3, ,    12.9, ,     7.0, ,     0.6, ,   -14.5, ,     3.9, ,    -9.1, ,     4.9, ,    15.9, ,     6.8, 
 1959,   -12.2, ,   -14.3, ,    -5.6, ,     4.2, ,    12.6, ,    16.4, ,    19.8, ,    19.8, ,    14.7, ,     6.5, ,    -0.9, ,    -6.9, ,     4.5, ,   -13.7, ,     3.7, ,    18.7, ,     6.8, 
 1960,   -10.6, ,    -6.9, ,    -6.4, ,     4.5, ,    14.7, ,    16.1, ,    17.1, ,    17.4, ,    13.6, ,     6.5, ,     2.2, ,   -10.2, ,     4.8, ,    -8.1, ,     4.3, ,    16.9, ,     7.4, 
 1961,   -15.8, ,    -7.8, ,    -3.9, ,     4.2, ,     9.3, ,    14.8, ,    18.7, ,    17.7, ,    16.6, ,     9.0, ,     1.4, ,    -6.4, ,     4.8, ,   -11.3, ,     3.2, ,    17.1, ,     9.0, 
 1962,   -13.6, ,   -13.3, ,    -1.5, ,     3.6, ,    12.6, ,    16.2, ,    16.4, ,    17.4, ,    11.6, ,     6.6, ,    -1.1, ,    -9.5, ,     3.8, ,   -11.1, ,     4.9, ,    16.7, ,     5.7, 
 1963,   -12.7, ,   -14.7, ,    -4.9, ,     3.7, ,    10.0, ,    17.1, ,    19.4, ,    15.2, ,    10.5, ,     9.8, ,     2.8, ,   -13.7, ,     3.5, ,   -12.3, ,     2.9, ,    17.2, ,     7.7, 
 1964,    -8.1, ,   -10.4, ,    -3.5, ,     2.8, , -9999.9,M, -9999.9,M,    20.2, ,    15.4, ,    12.0, ,     5.3, ,    -0.5, ,    -7.4, , -9999.9,M,   -10.7, , -9999.9,M, -9999.9,M,     5.6, 
 1965,   -13.5, ,   -12.0, ,    -5.0, ,     2.8, ,    11.8, ,    15.5, ,    16.4, ,    16.5, ,    13.1, ,     6.2, ,    -1.7, ,    -6.0, ,     3.7, ,   -11.0, ,     3.2, ,    16.1, ,     5.9, 
 1966,   -11.7, ,    -9.0, ,    -2.1, ,     3.7, ,     8.7, ,    17.2, ,    18.6, ,    17.4, ,    11.5, ,     6.2, ,     2.0, ,    -7.9, ,     4.6, ,    -8.9, ,     3.4, ,    17.7, ,     6.6, 
 1967,    -8.5, ,   -15.4, ,    -7.2, ,     2.8, ,     7.4, ,    17.6, ,    19.2, ,    17.5, ,    13.2, ,     6.7, ,    -1.9, ,    -7.2, ,     3.7, ,   -10.6, ,     1.0, ,    18.1, ,     6.0, 
 1968,   -15.1, ,   -13.2, ,    -2.6, ,     7.0, ,    10.2, ,    15.3, ,    18.9, ,    16.3, ,    15.4, ,     8.8, ,    -1.4, ,   -10.3, ,     4.1, ,   -11.8, ,     4.9, ,    16.8, ,     7.6, 
 1969,    -9.6, ,    -7.9, ,    -4.1, ,     3.0, ,     9.4, ,    16.2, ,    18.9, ,    19.1, ,    12.6, ,     6.2, ,     1.1, ,    -9.7, ,     4.6, ,    -9.3, ,     2.8, ,    18.1, ,     6.6, 
 1970,   -16.8, ,   -11.2, ,    -4.8, ,     3.7, ,    10.7, ,    16.5, ,    19.6, ,    17.6, ,    12.6, ,     8.5, ,     1.1, ,   -11.9, ,     3.8, ,   -12.6, ,     3.2, ,    17.9, ,     7.4, 
 1971,   -15.6, ,   -10.0, ,    -6.1, ,     1.7, ,    10.7, ,    16.5, ,    17.2, ,    16.9, ,    15.4, ,    10.0, ,    -1.6, ,    -8.7, ,     3.9, ,   -12.5, ,     2.1, ,    16.9, ,     7.9, 
 1972,   -10.7, ,   -13.6, ,    -6.6, ,     0.3, ,    11.6, ,    15.7, ,    18.9, ,    16.6, ,    12.7, ,     4.0, ,    -1.5, ,    -9.3, ,     3.2, ,   -11.0, ,     1.8, ,    17.1, ,     5.1, 
 1973,    -9.8, ,   -11.3, ,     1.3, ,     4.5, ,    10.6, ,    17.0, ,    20.0, ,    19.7, ,    12.4, ,     8.1, ,    -0.5, ,    -7.3, ,     5.4, ,   -10.1, ,     5.5, ,    18.9, ,     6.7, 
 1974,   -11.8, ,   -12.4, ,    -5.7, ,     3.8, ,     8.8, ,    16.8, ,    18.7, ,    17.5, ,    11.4, ,     3.8, ,    -0.4, ,    -5.2, ,     3.8, ,   -10.5, ,     2.3, ,    17.7, ,     4.9, 
 1975,   -10.4, ,   -10.2, ,    -5.9, ,     1.2, ,    14.4, ,    16.7, ,    20.9, ,    18.5, ,    12.3, ,     7.6, ,     2.2, ,   -10.2, ,     4.8, ,    -8.6, ,     3.2, ,    18.7, ,     7.4, 
 1976,   -15.8, ,    -9.0, ,    -4.5, ,     5.5, ,    10.2, ,    18.9, ,    17.8, ,    17.0, ,    11.6, ,     4.3, ,    -2.4, ,   -14.1, ,     3.3, ,   -11.7, ,     3.7, ,    17.9, ,     4.5, 
 1977,   -14.8, ,    -9.3, ,     0.2, ,     4.5, ,    12.7, ,    15.3, ,    18.5, ,    16.2, ,    12.1, ,     6.0, ,     0.7, ,    -9.0, ,     4.4, ,   -12.7, ,     5.8, ,    16.7, ,     6.3, 
 1978,   -13.3, ,   -14.5, ,    -6.8, ,     2.0, ,    13.1, ,    15.8, ,    18.8, ,    17.8, ,    10.6, ,     5.9, ,    -1.2, ,    -8.6, ,     3.3, ,   -12.3, ,     2.8, ,    17.5, ,     5.1, 
 1979,   -11.1, ,   -15.0, ,    -0.4, ,     4.9, ,    11.9, ,    16.2, , -9999.9,M, -9999.9,M, -9999.9,M,     6.5, ,     2.0, ,    -6.7, , -9999.9,M,   -11.6, ,     5.5, , -9999.9,M, -9999.9,M
 1980,   -11.0, ,   -11.1,E, -9999.9,M, -9999.9,M, -9999.9,M, -9999.9,M, -9999.9,M, -9999.9,M, -9999.9,M, -9999.9,M, -9999.9,M, -9999.9,M, -9999.9,M,    -9.6,E, -9999.9,M, -9999.9,M, -9999.9,M
