7027259,ST_FLAVIEN          ,QUE , station not joined, Monthly mean of homogenized daily mean temperature                     , Deg Celcius,          Updated to December 2019
7027259,ST_FLAVIEN          ,QUE , station non jointe, Moyenne mensuelle des temperatures quotidiennes moyennes homogeneisees , Deg Celsius, Mise a jour jusqu a decembre 2019
 Year,     Jan, ,     Feb, ,     Mar, ,     Apr, ,     May, ,     Jun, ,     Jul, ,     Aug, ,     Sep, ,     Oct, ,     Nov, ,     Dec, ,  Annual, ,  Winter, ,  Spring, ,  Summer, ,  Autumn
Annee,    Janv, ,     Fev, ,    Mars, ,     Avr, ,     Mai, ,    Juin, ,    Juil, ,    Aout, ,    Sept, ,     Oct, ,     Nov, ,     Dec, ,  Annuel, ,   Hiver, ,Printemp, ,     Ete, , Automne
 1963,   -11.2, ,   -14.6, ,    -6.5, ,     3.5, ,    10.2, ,    17.1, ,    19.6, ,    15.3, ,    11.0, ,    10.0, ,     2.2, ,   -12.6, ,     3.7, , -9999.9,M,     2.4, ,    17.3, ,     7.7, 
 1964,   -10.4, ,   -11.2, ,    -4.5, ,     3.5, ,    12.0, ,    15.5, ,    18.8, ,    15.9, ,    11.3, ,     5.3, ,    -1.2, ,    -8.0, ,     3.9, ,   -11.4, ,     3.7, ,    16.7, ,     5.1, 
 1965,   -13.4, ,   -11.8, ,    -4.2, ,     3.0, ,    10.2, ,    15.7, ,    16.0, ,    16.3, ,    13.0, ,     5.1, ,    -3.2, ,    -7.8, ,     3.2, ,   -11.1, ,     3.0, ,    16.0, ,     5.0, 
 1966,   -11.7, ,    -9.7, ,    -3.7, ,     2.9, ,     8.8, ,    15.7, ,    17.8, ,    16.6, ,    11.0, ,     6.7, ,     1.4, ,    -7.7, ,     4.0, ,    -9.7, ,     2.7, ,    16.7, ,     6.4, 
 1967,    -9.4, ,   -15.5, ,    -8.4, ,     1.7, ,     6.8, ,    16.7, ,    19.7, ,    18.2, ,    12.5, ,     6.3, ,    -1.9, ,    -8.3, ,     3.2, ,   -10.9, ,     0.0, ,    18.2, ,     5.6, 
 1968,   -15.6, ,   -14.1, ,    -4.0, ,     5.1, ,     9.4, ,    14.3, ,    18.6, ,    14.9, ,    14.3, ,     8.7, ,    -2.6, ,    -9.9, ,     3.3, ,   -12.7, ,     3.5, ,    15.9, ,     6.8, 
 1969,    -9.8, ,    -8.2, ,    -5.1, ,     1.6, ,     9.4, ,    15.6, ,    17.7, ,    18.8, ,    11.4, ,     5.8, ,     1.0, ,    -8.4, ,     4.2, ,    -9.3, ,     2.0, ,    17.4, ,     6.1, 
 1970,   -16.2, ,   -11.3, ,    -5.2, ,     2.9, ,    10.5, ,    16.0, , -9999.9,M,    18.1, ,    11.7, ,     8.4, ,     0.7, ,   -12.2, , -9999.9,M,   -12.0, ,     2.7, , -9999.9,M,     6.9, 
 1971,   -15.6, ,   -10.6, ,    -5.6, ,     1.6, ,    11.1, ,    15.7, ,    18.3, ,    16.7, ,    14.3, ,     8.9, ,    -2.0, ,   -10.4, ,     3.5, ,   -12.8, ,     2.4, ,    16.9, ,     7.1, 
 1972,   -11.8, ,   -13.1, ,    -7.6, ,     0.4, ,    10.1, ,    13.9, ,    16.7, ,    14.6, ,    12.4, ,     3.7, ,    -2.3, , -9999.9,M, -9999.9,M,   -11.8, ,     1.0, ,    15.1, ,     4.6, 
 1973, -9999.9,M,   -12.2,E,    -1.0, ,     3.2, ,    10.1, ,    17.7, ,    20.1, ,    19.9, ,    12.0, ,     7.0, ,    -1.1, ,    -7.0, , -9999.9,M, -9999.9,M,     4.1, ,    19.2, ,     6.0, 
 1974,   -12.4, ,   -12.6, ,    -6.2, ,     1.5, ,     8.7, ,    16.6, ,    18.7, ,    17.9, ,    11.5, ,     3.6, ,    -0.4, ,    -6.0, ,     3.4, ,   -10.7, ,     1.3, ,    17.7, ,     4.9, 
 1975,   -11.6, ,   -11.3, ,    -6.5, ,     0.9, ,    13.0, ,    17.1, ,    21.1, ,    18.3, ,    12.4, ,     7.2, ,     1.0, ,   -12.7, ,     4.1, ,    -9.6, ,     2.5, ,    18.8, ,     6.9, 
 1976,   -15.6, ,   -10.0, ,    -6.1, ,     3.6, ,    11.3, ,    17.8, ,    17.8, ,    17.5, ,    11.7, ,     4.5, ,    -2.9, ,   -13.4, ,     3.0, ,   -12.8, ,     2.9, ,    17.7, ,     4.4, 
 1977,   -15.5, , -9999.9,M, -9999.9,M,     2.8, ,    12.6, ,    15.1, ,    18.4, ,    17.0, ,    11.4, ,     6.5, ,     1.1, , -9999.9,M, -9999.9,M, -9999.9,M, -9999.9,M,    16.8, ,     6.3, 
 1978, -9999.9,M, -9999.9,M, -9999.9,M, -9999.9,M,    13.4, ,    16.2, ,    19.0, ,    17.6, ,     9.8, ,     5.6, ,    -1.6, , -9999.9,M, -9999.9,M, -9999.9,M, -9999.9,M,    17.6, ,     4.6, 
 1979, -9999.9,M,   -16.2, ,    -1.4, , -9999.9,M, -9999.9,M,    16.7, ,    19.8, ,    16.5, ,    12.1, ,     7.1, ,     2.0, ,    -6.7,E, -9999.9,M, -9999.9,M, -9999.9,M,    17.7, ,     7.1, 
 1980,   -11.0, ,   -11.5, ,    -4.7, ,     5.1, ,    10.9,E,    15.0, ,    18.0, ,    18.3, ,    11.0, ,     4.2, ,    -2.6, ,   -14.3,E,     3.2,E,    -9.7,E,     3.8,E,    17.1, ,     4.2, 
 1981,   -16.1,E,    -4.4, ,    -3.0, ,     5.1, ,    10.3, ,    16.2, ,    18.6, ,    16.9, ,    12.3, ,     4.5, ,    -0.4, ,    -6.0, ,     4.5,E,   -11.6,E,     4.1, ,    17.2, ,     5.5, 
 1982,   -18.4, ,   -11.9,E,    -5.4, ,     0.8, ,    12.0, ,    14.7, ,    18.0, ,    15.2, ,    13.1, ,     7.1, ,     0.9, ,    -5.5,E,     3.4,E,   -12.1,E,     2.5, ,    16.0, ,     7.0, 
 1983,    -9.4, ,    -9.1, ,    -3.3, ,     3.0, ,     9.0, ,    16.7, ,    19.2, ,    18.4, , -9999.9,M,     6.4, ,     0.2,E,   -10.8, , -9999.9,M,    -8.0,E,     2.9, ,    18.1, , -9999.9,M
 1984,   -15.1, ,    -6.3, ,    -9.7, ,     3.0, ,     9.8, ,    16.0, ,    19.3, ,    19.6, ,    11.1, ,     7.1, ,     0.3, ,    -7.0, ,     4.0, ,   -10.7, ,     1.0, ,    18.3, ,     6.2, 
 1985,   -14.9,E,    -8.7, ,    -5.2, ,     2.4, ,    10.7,E,    14.7, ,    18.8, ,    17.2, ,    13.3, ,     6.7, ,    -2.5, ,   -11.3,E,     3.4,E,   -10.2,E,     2.6,E,    16.9, ,     5.8, 
 1986,   -13.2, ,   -12.8, ,    -5.4, ,     6.0, ,    11.0, ,    13.8, ,    17.1, ,    16.7, ,    10.7,E,     5.7,E,    -2.7, ,    -8.2, ,     3.2,E,   -12.4,E,     3.9, ,    15.9, ,     4.6,E
 1987,   -12.6, ,   -12.7, ,    -3.0, ,     6.6, ,    10.7, ,    16.6, ,    19.2, ,    16.6, ,    12.6, ,     5.9, ,    -2.0, ,    -6.6,E,     4.3,E,   -11.2, ,     4.8, ,    17.5, ,     5.5, 
 1988,   -11.7,E,   -11.3, ,    -5.9,E,     3.8, ,    12.8,E,    15.5,E,    20.0, ,    18.1,E,    12.0, ,     4.6, ,     0.9, ,   -10.3,E,     4.0,E,    -9.9,E,     3.6,E,    17.9,E,     5.8, 
 1989,   -11.1,E,   -12.8, ,    -7.6, ,     2.8, ,    12.5, ,    16.2, ,    18.4, ,    17.5, ,    13.8, ,     7.0,E,    -3.5, ,   -18.3, ,     2.9,E,   -11.4,E,     2.6, ,    17.4, ,     5.8,E
 1990,    -6.8, ,   -11.2, ,    -4.6, ,     4.2, ,     9.5, ,    15.8, ,    18.6, ,    18.7, ,    12.4, ,     7.0, ,    -0.3, ,    -6.8, ,     4.7, ,   -12.1, ,     3.0, ,    17.7, ,     6.4, 
 1991,   -14.0, ,    -9.1, ,    -2.9,E,     4.6, ,    12.3,E,    16.9,E,    18.7,E,    18.8, ,    10.8, ,     7.3, ,     0.1, ,    -9.9, ,     4.5,E,   -10.0, ,     4.7,E,    18.1,E,     6.1, 
 1992,   -13.7,E,   -12.4, ,    -7.7, ,     2.8, ,    11.9, ,    16.0, ,    15.9, ,    17.2, ,    13.4, ,     4.6, ,    -0.8, ,    -6.7,E,     3.4,E,   -12.0,E,     2.3, ,    16.4, ,     5.7, 
 1993,   -12.4, ,   -16.2, ,    -5.9, ,     4.7, ,    11.5, ,    15.8,E,    19.3, ,    19.0, ,    12.5, ,     4.5, ,    -1.3, ,    -8.5, ,     3.6,E,   -11.8,E,     3.4, ,    18.0,E,     5.2, 
 1994,   -19.1, ,   -13.5, ,    -4.0, ,     3.0, ,     9.9, ,    17.7, ,    20.1, ,    16.5, ,    12.3, ,     7.7, ,     1.6, ,    -6.2, ,     3.8, ,   -13.7, ,     3.0, ,    18.1, ,     7.2, 
 1995,    -8.8, ,   -13.1, ,    -3.2, ,     1.5, ,    11.1, ,    17.4, ,    20.1, ,    17.9, ,    10.9, ,     9.1, ,    -2.7, ,   -10.8, ,     4.1, ,    -9.4, ,     3.1, ,    18.5, ,     5.8, 
 1996,   -13.4, ,   -10.8, ,    -4.8, ,     3.4, ,     9.6, ,    16.7, ,    18.6, ,    17.7, ,    13.1, ,     5.6, ,    -2.3, ,    -4.3, ,     4.1, ,   -11.7, ,     2.7, ,    17.7, ,     5.5, 
 1997,   -13.2, ,   -11.1, ,    -7.3,E,     1.2,E,     8.1, ,    16.4, ,    18.3, ,    16.3, ,    12.5, ,     5.8, ,    -1.1, ,    -9.1, ,     3.1,E,    -9.5, ,     0.7,E,    17.0, ,     5.7, 
 1998,   -10.2, ,    -6.9, ,    -3.7, ,     5.1,E,    14.1, ,    16.1, ,    18.5, ,    17.5,E,    13.5, ,     7.0, ,     0.5, ,    -5.4, ,     5.5,E,    -8.7, ,     5.2,E,    17.4,E,     7.0, 
 1999,   -12.9, ,    -8.2, ,    -2.7, ,     3.4, ,    14.1, ,    17.8,E,    19.5, ,    17.3, ,    15.4, ,     4.8, ,     2.1, ,    -5.6, ,     5.4,E,    -8.8, ,     4.9, ,    18.2,E,     7.4, 
 2000,   -13.3, ,   -10.0, ,    -0.9,E,     3.0,E,    10.2, ,    14.9, ,    17.7, ,    17.6, ,    12.0, ,     6.7, ,     1.2,E,   -11.6, ,     4.0,E,    -9.6, ,     4.1,E,    16.7, ,     6.6,E
 2001,   -12.5, ,   -11.2, ,    -6.1, ,     3.3,E,    13.4, ,    17.6, ,    17.8, ,    18.9, ,    14.4, ,     8.4, ,     2.5, ,    -2.4, ,     5.3,E,   -11.8, ,     3.5,E,    18.1, ,     8.4, 
 2002,    -8.5, ,    -9.2, ,    -4.9, ,     4.4,E,     9.8, ,    14.9,E,    19.7, ,    19.1,E,    15.8,E,     4.7, ,    -2.3, ,    -7.9, ,     4.6,E,    -6.7, ,     3.1,E,    17.9,E,     6.1,E
 2003,   -15.9,E,   -14.4,E,    -6.6,E,     1.2,E,    10.6, ,    17.0, ,    19.0,E,    18.7, ,    15.5, ,     6.6, ,     1.0,E,    -6.8,E,     3.8,E,   -12.7,E,     1.7,E,    18.2,E,     7.7,E
 2004,   -17.3, ,    -9.8, ,    -3.4,E,     3.1, ,    10.6,E,    14.9,E,    19.3,E,    17.9, ,    13.7, ,     7.5, ,    -0.1,E,   -10.4,E,     3.8,E,   -11.3,E,     3.4,E,    17.4,E,     7.0,E
 2005,   -13.8,E,    -8.6, ,    -4.9, ,     4.9,E,     9.6,E,    18.7,E,    20.3,E,    19.3,E,    15.2,E,     8.4,E,     0.3,E,    -8.7,E,     5.1,E,   -10.9,E,     3.2,E,    19.4,E,     8.0,E
 2006,    -7.3, ,    -9.9, ,    -2.5,E,     5.1, ,    12.5,E,    17.7,E,    21.1,E,    17.2,E,    13.4, ,     6.6,E,     3.4,E,    -3.6,E,     6.1,E,    -8.6,E,     5.0,E,    18.7,E,     7.8,E
 2007,   -10.4,E,   -13.6, ,    -5.3, ,     3.2,E,    10.9,E,    17.1, ,    18.1, ,    16.6, ,    13.8,E,     9.2,E,    -0.9,E,    -9.5, ,     4.1,E,    -9.2,E,     2.9,E,    17.3, ,     7.4,E
 2008,    -9.4,E,   -10.7,E,    -7.3,E,     4.9, ,     9.9,E,    16.8,E,    19.5, ,    17.6, ,    13.7, ,     6.3, ,     0.9, ,    -9.6, ,     4.4,E,    -9.9,E,     2.5,E,    18.0,E,     7.0, 
 2009,   -16.9,E,    -8.7,E,    -4.2,E,     5.6, ,    10.4, ,    15.8, ,    17.6, ,    19.1, ,    12.9, ,     5.0, ,     2.9, ,    -7.6,E,     4.3,E,   -11.7,E,     3.9,E,    17.5, ,     6.9, 
 2010,    -8.3, ,    -6.4,E,    -0.4, ,     7.0, ,    13.0, ,    16.4, ,    21.0, ,    19.1, ,    14.6, ,     6.5,E,     0.1,E,    -7.3,E,     6.3,E,    -7.4,E,     6.5, ,    18.8, ,     7.1,E
 2011,   -11.7, ,   -10.7, ,    -4.7, ,     3.5, ,    11.5, ,    16.9, ,    20.0, ,    18.8, ,    15.3, ,     8.1, ,     3.4, ,    -5.6, ,     5.4, ,    -9.9,E,     3.4, ,    18.6, ,     8.9, 
 2012,   -10.9, ,    -8.4, ,    -0.1, ,     4.8, ,    13.3, ,    17.6, ,    19.6, ,    19.9, ,    14.0, ,     8.3, ,    -1.0, ,    -6.2, ,     5.9, ,    -8.3, ,     6.0, ,    19.0, ,     7.1, 
 2013,   -10.8, ,    -9.4, ,    -2.0, ,     4.0, ,    12.9, ,    14.9, ,    20.1, ,    18.2, ,    13.3, ,     8.2, ,    -0.7, ,   -11.0, ,     4.8, ,    -8.8, ,     5.0, ,    17.7, ,     6.9, 
 2014,   -11.6, ,   -11.7, ,   -10.7, ,     3.2, ,    12.4, ,    17.5, ,    19.5, ,    18.1, ,    13.7, ,     8.8, ,    -0.7, ,    -6.1, ,     4.4, ,   -11.4, ,     1.6, ,    18.4, ,     7.3, 
 2015,   -14.4, ,   -17.7, ,    -7.6, , -9999.9,M,    13.9, ,    15.4, ,    19.0, ,    19.4, ,    16.6, ,     5.5, ,     2.0, ,    -0.9, , -9999.9,M,   -12.7, , -9999.9,M,    17.9, ,     8.0, 
 2016,    -8.3, ,    -8.4, ,    -3.5, ,     1.1, ,    12.3, ,    16.6, , -9999.9,M,    19.9, , -9999.9,M, -9999.9,M, -9999.9,M, -9999.9,M, -9999.9,M,    -5.9, ,     3.3, , -9999.9,M, -9999.9,M
