7022375,FLEURY              ,QUE , station not joined, Monthly mean of homogenized daily mean temperature                     , Deg Celcius,          Updated to December 2019
7022375,FLEURY              ,QUE , station non jointe, Moyenne mensuelle des temperatures quotidiennes moyennes homogeneisees , Deg Celsius, Mise a jour jusqu a decembre 2019
 Year,     Jan, ,     Feb, ,     Mar, ,     Apr, ,     May, ,     Jun, ,     Jul, ,     Aug, ,     Sep, ,     Oct, ,     Nov, ,     Dec, ,  Annual, ,  Winter, ,  Spring, ,  Summer, ,  Autumn
Annee,    Janv, ,     Fev, ,    Mars, ,     Avr, ,     Mai, ,    Juin, ,    Juil, ,    Aout, ,    Sept, ,     Oct, ,     Nov, ,     Dec, ,  Annuel, ,   Hiver, ,Printemp, ,     Ete, , Automne
 1967,    -7.6, ,   -15.2, ,    -6.9, ,     3.8, ,     8.1, ,    18.3, ,    20.1, ,    18.2, ,    13.3, ,     7.8, ,    -1.0, ,    -6.5, ,     4.4, , -9999.9,M,     1.7, ,    18.9, ,     6.7, 
 1968,   -15.2, ,   -12.2, ,    -1.9, ,     7.5, ,    10.6, ,    15.2, ,    19.6, ,    15.8, ,    15.6, ,     9.7, ,    -1.0, ,    -9.4, ,     4.5, ,   -11.3, ,     5.4, ,    16.9, ,     8.1, 
 1969,    -9.7, ,    -7.2, ,    -4.1, ,     4.2, ,    10.6, ,    17.1, ,    19.5, ,    20.2, ,    12.9, ,     7.6, ,     1.6, ,    -8.1, ,     5.4, ,    -8.8, ,     3.6, ,    18.9, ,     7.4, 
 1970,   -17.0, ,   -10.8, ,    -4.4, ,     5.1, ,    11.8, ,    17.4, ,    21.1, ,    19.4, ,    13.7, ,     9.8, ,     2.2, ,   -11.7, ,     4.7, ,   -12.0, ,     4.2, ,    19.3, ,     8.6, 
 1971,   -15.1, ,    -9.4, ,    -5.4, ,     2.6, ,    12.3, ,    17.3, ,    19.5, ,    18.6, ,    16.5, ,    10.3, ,    -0.7, ,    -7.8, ,     4.9, ,   -12.1, ,     3.2, ,    18.5, ,     8.7, 
 1972,    -9.1, , -9999.9,M,    -4.7, ,     2.5, ,    12.7, ,    17.0, ,    19.8, ,    17.6, ,    14.5, ,     5.3, ,    -0.3, ,    -9.0, , -9999.9,M, -9999.9,M,     3.5, ,    18.1, ,     6.5, 
 1973,    -9.0, ,   -10.8, ,     1.3, ,     5.8, ,    11.8, ,    18.5, ,    21.2, ,    21.2, , -9999.9,M, -9999.9,M,     0.2, ,    -5.5, , -9999.9,M,    -9.6, ,     6.3, ,    20.3, , -9999.9,M
 1974,   -10.6, ,   -11.2, ,    -4.2, ,     4.8, ,    10.1, ,    17.5, ,    20.0, ,    18.8, ,    13.4, ,     5.2, ,     0.2, ,    -4.4, ,     5.0, ,    -9.1, ,     3.6, ,    18.8, ,     6.3, 
 1975,    -8.8, ,    -9.3, ,    -4.5, ,     2.9, ,    15.2, ,    18.4, ,    21.9, ,    19.6, ,    13.5, ,     8.7, ,     3.3, ,    -9.6, ,     5.9, ,    -7.5, ,     4.5, ,    20.0, ,     8.5, 
 1976,   -14.7, ,    -7.2, ,    -3.2, ,     7.1, ,    11.9, ,    19.3, ,    19.3, ,    18.5, ,    12.7, ,     5.6, ,    -0.5, ,   -12.6, ,     4.7, ,   -10.5, ,     5.3, ,    19.0, ,     5.9, 
 1977,   -13.9, ,    -8.4, ,     0.6, ,     5.2, ,    14.0, ,    16.7, ,    19.6, ,    18.3, ,    13.1, ,     7.3, ,     1.8, ,    -8.3, ,     5.5, ,   -11.6, ,     6.6, ,    18.2, ,     7.4, 
 1978,   -12.3, ,   -13.3, ,    -5.5, ,     3.1, ,    15.2, ,    17.1, ,    20.0, ,    18.8, ,    11.5, ,     7.2, ,    -0.1, ,    -7.4, ,     4.5, ,   -11.3, ,     4.3, ,    18.6, ,     6.2, 
 1979,   -10.0, ,   -15.5, ,     0.9, ,     6.9, ,    13.5, ,    17.8, ,    21.5, ,    18.2, ,    13.5, ,     7.9, ,     3.4, ,    -4.9, ,     6.1, ,   -11.0, ,     7.1, ,    19.2, ,     8.3, 
 1980,    -8.5, ,    -9.0, ,    -2.8, ,     6.7, ,    12.4, ,    16.2, ,    19.4, ,    19.8, ,    12.8, ,     5.6, ,    -1.0, ,   -12.7, ,     4.9, ,    -7.5, ,     5.4, ,    18.5, ,     5.8, 
 1981,   -15.6, ,    -1.9, ,    -0.3, ,     6.8, ,    12.6, ,    18.2, ,    20.3, ,    18.5, ,    13.5, ,     5.5, ,     0.9, ,    -5.1, ,     6.1, ,   -10.1, ,     6.4, ,    19.0, ,     6.6, 
 1982,   -17.0, ,   -10.9, ,    -4.1, ,     3.6, ,    14.2, ,    16.5, ,    19.8, ,    16.7, ,    14.2, ,     8.4, ,     2.9, ,    -2.9, ,     5.1, ,   -11.0, ,     4.6, ,    17.7, ,     8.5, 
 1983,    -8.2, ,    -7.1, ,    -1.1, ,     5.0, ,    10.8, ,    18.2, ,    20.7, ,    19.9, ,    15.9, ,     7.5, ,     1.5, ,    -8.6, ,     6.2, ,    -6.1, ,     4.9, ,    19.6, ,     8.3, 
 1984,   -13.6, ,    -4.8, ,    -7.5, ,     6.8, ,    11.1, ,    18.0, ,    20.3, ,    20.4, ,    12.6, ,     8.1, ,     1.3, ,    -5.1, ,     5.6, ,    -9.0, ,     3.5, ,    19.6, ,     7.3, 
 1985,   -14.7, ,    -7.9,E,    -3.0, ,     5.1, ,    12.3, ,    15.9, ,    19.4, ,    17.9, ,    14.7, ,     8.4, ,     0.1, ,    -9.4, ,     4.9,E,    -9.2,E,     4.8, ,    17.7, ,     7.7, 
 1986,   -10.4, ,   -11.5, ,    -2.4, ,     8.2, ,    12.8, ,    15.3, ,    18.7, ,    17.6, ,    12.5, ,     7.2, ,    -0.8, ,    -6.1, ,     5.1, ,   -10.4, ,     6.2, ,    17.2, ,     6.3, 
 1987,   -11.1, ,   -12.7, ,    -2.0, ,     8.7, ,    12.4, ,    18.1, ,    20.7, ,    17.7,E,    14.0, ,     7.0, ,     0.0, ,    -4.4, ,     5.7,E,   -10.0, ,     6.4, ,    18.8,E,     7.0, 
 1988,    -8.8, ,    -8.6,E,    -3.8, ,     6.0, ,    14.3, ,    16.6, ,    21.1, ,    19.5, ,    13.5, ,     5.9, ,     2.4, ,    -7.8,E,     5.9,E,    -7.3,E,     5.5, ,    19.1, ,     7.3, 
 1989,    -8.7,E,   -10.2,E,    -5.7,E,     4.4, ,    14.1, ,    18.3, ,    20.1, ,    18.8, ,    14.4, ,     8.3,E,    -0.8,E,   -17.5, ,     4.6,E,    -8.9,E,     4.3,E,    19.1, ,     7.3,E
 1990,    -4.5, ,    -8.4,E,    -2.1, ,     6.2, ,    11.0, ,    17.5, ,    19.9, ,    19.4, ,    13.4, ,     8.2, ,     2.1, ,    -5.0, ,     6.5,E,   -10.1,E,     5.0, ,    18.9, ,     7.9, 
 1991,   -11.0,E,    -6.1, ,    -1.2, ,     6.9, ,    14.2, ,    18.5, ,    19.4, ,    19.8, ,    12.3, ,     8.9, ,     1.7, ,    -8.8, ,     6.2,E,    -7.4,E,     6.6, ,    19.2, ,     7.6, 
 1992,   -12.0, ,   -10.2, ,    -5.8, ,     4.6, ,    12.7, ,    17.2, ,    17.5, ,    18.4, ,    14.2, ,     5.8, ,     0.8, ,    -5.0, ,     4.9, ,   -10.3, ,     3.8, ,    17.7, ,     6.9, 
 1993,   -10.4, ,   -15.5, ,    -5.0, ,     5.4, ,    13.0, ,    17.1, ,    20.7, ,    19.9, ,    13.4, ,     5.8,E,     0.5, ,    -6.7, ,     4.9,E,   -10.3, ,     4.5, ,    19.2, ,     6.6,E
 1994,   -18.2, ,   -12.7, ,    -3.4,E,     5.2, ,    11.7, ,    18.9, ,    21.0, ,    17.7,E,    14.0, ,     8.8, ,     3.3, ,    -4.5, ,     5.2,E,   -12.5, ,     4.5,E,    19.2,E,     8.7, 
 1995,    -6.7, ,   -10.1, ,    -0.7, ,     3.9, ,    12.6, ,    19.2, ,    21.3, ,    19.5, ,    12.6, ,    10.6, ,    -1.2, ,    -9.5, ,     6.0, ,    -7.1, ,     5.3, ,    20.0, ,     7.3, 
 1996,   -11.8, ,    -8.5, ,    -2.8, ,     5.1, ,    11.9, ,    18.3, ,    19.6, ,    19.0, ,    15.3, ,     7.6, ,    -1.0, ,    -2.1, ,     5.9, ,    -9.9, ,     4.7, ,    19.0, ,     7.3, 
 1997,   -11.0, ,    -8.9, ,    -5.7, ,     3.9, ,    10.3, ,    19.4, ,    19.5, ,    18.0, ,    14.0, ,     7.1, ,     0.0, ,    -7.6, ,     4.9, ,    -7.3, ,     2.8, ,    19.0, ,     7.0, 
 1998,    -8.6, ,    -5.3, ,    -2.2, ,     7.2, ,    16.5, ,    18.3, ,    19.8, ,    19.3, ,    15.5, ,     8.9, ,     2.8, ,    -2.7, ,     7.5, ,    -7.2, ,     7.2, ,    19.1, ,     9.1, 
 1999,   -10.6, ,    -5.8, ,    -1.2, ,     6.1, ,    15.8, ,    20.1, ,    21.7, ,    18.8, ,    16.7, ,     6.7, ,     4.2, ,    -3.5, ,     7.4, ,    -6.4, ,     6.9, ,    20.2, ,     9.2, 
 2000,   -10.8, ,    -8.5, ,     0.9, ,     4.6, ,    12.3, ,    16.7, ,    19.0, ,    18.7, ,    13.2, ,     8.2, ,     2.0, ,    -9.8, ,     5.5, ,    -7.6, ,     5.9, ,    18.1, ,     7.8, 
 2001,   -10.8, ,    -9.9, ,    -4.2, ,     5.4, ,    14.9, ,    19.4, ,    18.8, ,    20.6, ,    15.6, ,     9.6, ,     4.1, ,    -0.9, ,     6.9, ,   -10.2, ,     5.4, ,    19.6, ,     9.8, 
 2002,    -5.6, ,    -6.4, ,    -2.4, ,     6.5, ,    11.1, ,    16.9, ,    20.8, ,    20.2, ,    16.7, ,     6.4, ,     0.1, ,    -5.2, ,     6.6, ,    -4.3, ,     5.1, ,    19.3, ,     7.7, 
 2003,   -13.6,E,   -12.2, ,    -5.2, ,     3.6, ,    12.3,E,    18.4, ,    20.3, ,    20.4, ,    16.4,E,     7.4, ,     2.3, ,    -5.9, ,     5.4,E,   -10.3,E,     3.6,E,    19.7, ,     8.7,E
 2004,   -16.0,E,    -9.3, ,    -1.4, ,     5.7, ,    12.8, ,    16.6, ,    20.1, ,    18.7, ,    15.2, ,     8.2,E,     1.6, ,    -8.5, ,     5.3,E,   -10.4,E,     5.7, ,    18.5, ,     8.3,E
 2005,   -11.8, ,    -7.2, ,    -4.5,E,     6.6, ,    11.0, ,    20.3, ,    20.6, ,    20.4, ,    16.5, ,     9.5, ,     2.2, ,    -7.0, ,     6.4,E,    -9.2, ,     4.4,E,    20.4, ,     9.4, 
 2006,    -5.6, ,    -7.5, ,    -0.8, ,     7.1, ,    14.1, ,    19.1, ,    21.9, ,    18.0, ,    14.1, ,     7.4,E,     4.1, ,    -2.0, ,     7.5,E,    -6.7, ,     6.8, ,    19.7, ,     8.5,E
 2007,    -8.5,E,   -12.5,E,    -3.6, ,     5.1,E,    12.9, ,    18.9, ,    18.9, ,    18.3,E,    15.4,E,    10.3, ,     0.4, ,    -7.9,E,     5.6,E,    -7.7,E,     4.8,E,    18.7,E,     8.7,E
 2008,    -7.8, ,    -8.7, ,    -5.7,E,     7.3, ,    11.5, ,    18.7,E,    20.0,E,    18.4, ,    15.0, ,     7.2,E,     1.4, ,    -7.5, ,     5.8,E,    -8.1,E,     4.4,E,    19.0,E,     7.9,E
 2009,   -15.0,E,    -8.5,E,    -1.5, ,     7.6, ,    12.2,E,    17.5, ,    19.3, ,    20.3, ,    14.1, ,     6.5,E,     3.8, ,    -6.2, ,     5.8,E,   -10.3,E,     6.1,E,    19.0, ,     8.1,E
 2010,    -7.0,E,    -5.1,E,     2.3, ,     8.7, ,    15.6, ,    17.6,E,    21.8, ,    19.5,E,    15.4, ,     7.5,E,     2.1,E,    -6.2,E,     7.7,E,    -6.1,E,     8.9, ,    19.6,E,     8.3,E
 2011,   -10.5,E,    -9.2, ,    -2.5,E,     6.1,E,    13.4, ,    18.6, ,    21.7,E,    19.8,E,    16.5,E,     9.4, ,     4.9, ,    -3.6, ,     7.1,E,    -8.6,E,     5.7,E,    20.0,E,    10.3,E
 2012,    -8.6, ,    -6.2, ,     2.0, ,     6.2, ,    15.4, ,    19.2, ,    20.8,E,    21.0, ,    14.8, ,     9.9,E, -9999.9,M,    -4.1, , -9999.9,M,    -6.1, ,     7.9, ,    20.3,E, -9999.9,M
 2013, -9999.9,M,    -7.0, ,    -0.3, , -9999.9,M, -9999.9,M,    18.2, ,    21.3, , -9999.9,M,    14.5, ,    10.1, , -9999.9,M,   -10.1, , -9999.9,M, -9999.9,M, -9999.9,M, -9999.9,M, -9999.9,M
 2014,   -10.6, ,    -9.6, ,    -7.9, ,     6.3, ,    14.4, ,    19.4, ,    20.4, ,    19.3, ,    15.5, ,    10.5, ,     1.4, ,    -4.1, ,     6.3, ,   -10.1, ,     4.3, ,    19.7, ,     9.1, 
 2015,   -12.6, , -9999.9,M,    -5.6, ,     4.8, ,    16.0, ,    16.9, ,    20.3, ,    20.1, ,    18.3, ,     7.1, ,     3.6, , -9999.9,M, -9999.9,M, -9999.9,M,     5.1, ,    19.1, ,     9.7, 
 2016,    -8.5, ,    -6.6, , -9999.9,M,     3.6, , -9999.9,M, -9999.9,M, -9999.9,M, -9999.9,M, -9999.9,M,     8.8, ,     3.6, ,    -5.1, , -9999.9,M, -9999.9,M, -9999.9,M, -9999.9,M, -9999.9,M
 2017,    -5.5, ,    -5.4, ,    -5.7, ,     6.9, ,    12.7, ,    18.4, ,    19.8, ,    18.4, ,    16.9, ,    12.5, ,     0.6, ,   -10.0, ,     6.6, ,    -5.3, ,     4.6, ,    18.9, ,    10.0, 
 2018,   -11.1, ,    -5.7, ,    -1.4, ,     3.4, ,    14.6, ,    17.8, ,    22.3, ,    21.3, ,    15.9, ,     6.2, ,    -1.6, ,    -6.7, ,     6.3, ,    -8.9, ,     5.5, ,    20.5, ,     6.8, 
 2019,   -11.5, ,    -9.6, ,    -3.7, ,     4.5, , -9999.9,M,    17.6, ,    22.1, ,    19.1, , -9999.9,M,     8.8, , -9999.9,M, -9999.9,M, -9999.9,M,    -9.3, , -9999.9,M,    19.6, , -9999.9,M
