7057600,ST_PAMPHILE         ,QUE , station not joined, Monthly mean of homogenized daily mean temperature                     , Deg Celcius,          Updated to December 2019
7057600,ST_PAMPHILE         ,QUE , station non jointe, Moyenne mensuelle des temperatures quotidiennes moyennes homogeneisees , Deg Celsius, Mise a jour jusqu a decembre 2019
 Year,     Jan, ,     Feb, ,     Mar, ,     Apr, ,     May, ,     Jun, ,     Jul, ,     Aug, ,     Sep, ,     Oct, ,     Nov, ,     Dec, ,  Annual, ,  Winter, ,  Spring, ,  Summer, ,  Autumn
Annee,    Janv, ,     Fev, ,    Mars, ,     Avr, ,     Mai, ,    Juin, ,    Juil, ,    Aout, ,    Sept, ,     Oct, ,     Nov, ,     Dec, ,  Annuel, ,   Hiver, ,Printemp, ,     Ete, , Automne
 1950, -9999.9,M, -9999.9,M, -9999.9,M, -9999.9,M, -9999.9,M, -9999.9,M, -9999.9,M, -9999.9,M, -9999.9,M, -9999.9,M,     2.2, ,    -4.4, , -9999.9,M, -9999.9,M, -9999.9,M, -9999.9,M, -9999.9,M
 1951,    -7.0, ,    -8.5, ,    -3.5, ,     5.0, ,    13.0, ,    15.4, ,    17.0, ,    14.5, , -9999.9,M,     6.7, ,    -3.6, ,   -10.5, , -9999.9,M,    -6.6, ,     4.8, ,    15.6, , -9999.9,M
 1952,   -12.1, ,   -10.1, ,    -5.7, ,     2.6, ,     8.3, ,    15.0, ,    19.9, ,    16.8, ,    11.3, ,     3.0, ,    -1.2, ,    -7.5, ,     3.4, ,   -10.9, ,     1.7, ,    17.2, ,     4.4, 
 1953,   -10.0, ,    -9.5, ,    -4.6, ,     2.7, ,     9.4, ,    15.4, ,    16.9, ,    15.8, ,    11.9, ,     6.0, ,     1.4, ,    -5.8, ,     4.1, ,    -9.0, ,     2.5, ,    16.0, ,     6.4, 
 1954,   -15.6, ,    -6.7, ,    -6.5, ,     0.3, ,     7.5, ,    14.5, ,    15.5, ,    14.5, ,    10.1, ,     5.9, ,    -1.4, , -9999.9,M, -9999.9,M,    -9.4, ,     0.4, ,    14.8, ,     4.9, 
 1955, -9999.9,M, -9999.9,M,    -8.2, ,     2.3, ,    10.0, ,    15.9, ,    18.5, ,    16.2, ,     9.8, ,     4.8, ,    -3.2, , -9999.9,M, -9999.9,M, -9999.9,M,     1.4, ,    16.9, ,     3.8, 
 1956,    -9.0, ,   -11.8, ,    -8.5, ,     2.6, ,     6.3, ,    14.2, ,    15.4, ,    13.9, ,     8.9, ,     5.7, ,    -2.8, ,   -10.1, ,     2.1, , -9999.9,M,     0.1, ,    14.5, ,     3.9, 
 1957,   -18.1, ,   -10.4, ,    -4.8, ,     0.2, ,     8.6, , -9999.9,M,    15.4, ,    13.0, ,    10.6, ,     5.5, , -9999.9,M, -9999.9,M, -9999.9,M,   -12.9, ,     1.3, , -9999.9,M, -9999.9,M
 1958, -9999.9,M,   -14.3, ,    -2.8, ,     3.1, ,     6.9, , -9999.9,M,    16.0, , -9999.9,M,    10.3, ,     2.7, ,    -2.0, ,   -15.4, , -9999.9,M, -9999.9,M,     2.4, , -9999.9,M,     3.7, 
 1959,   -13.3, ,   -15.3, ,    -7.9, ,     2.5, ,    12.0, ,    13.9, ,    20.2, ,    16.9, ,    13.2, ,     4.6, ,    -3.3, ,    -8.5, ,     2.9, ,   -14.7, ,     2.2, ,    17.0, ,     4.8, 
 1960,   -12.5, ,    -7.6, ,    -7.3, ,     1.5, ,    13.2, ,    15.8, ,    16.7, ,    16.9, ,    11.8, ,     4.8, ,    -0.3, ,   -10.8, ,     3.5, ,    -9.5, ,     2.5, ,    16.5, ,     5.4, 
 1961,   -16.5, ,   -11.1, ,    -6.6, ,     1.8, ,     7.3, ,    14.6, ,    17.9, ,    16.8, ,    15.0, ,     7.3, ,     0.4, ,    -7.8, ,     3.3, ,   -12.8, ,     0.8, ,    16.4, ,     7.6, 
 1962,   -15.2, ,   -14.3, ,    -2.5, ,     1.1, ,     9.2, ,    15.7, ,    14.9, ,    16.2, ,    10.9, ,     5.0, ,    -2.9, ,   -10.0, ,     2.3, ,   -12.4, ,     2.6, ,    15.6, ,     4.3, 
 1963,   -12.2, ,   -15.0, ,    -6.2, ,     1.4, ,     9.8, ,    16.9, , -9999.9,M,    14.1, ,     9.4, ,     8.3, ,     0.3, ,   -14.2, , -9999.9,M,   -12.4, ,     1.7, , -9999.9,M,     6.0, 
 1964,   -10.3, ,    -9.9, ,    -5.3, ,     2.8, ,    10.8, ,    14.5, ,    18.0, ,    14.5, ,    10.7, ,     4.3, ,    -2.3, ,    -9.2, ,     3.2, ,   -11.5, ,     2.8, ,    15.7, ,     4.2, 
 1965, -9999.9,M,   -12.1, ,    -5.3, ,     1.7, ,     9.7, ,    15.8, ,    15.8, ,    15.8, ,    12.3, ,     4.1, ,    -4.5, ,    -8.5, , -9999.9,M, -9999.9,M,     2.0, ,    15.8, ,     4.0, 
 1966,   -10.4, ,    -8.9, ,    -3.5, ,     2.2, ,     8.6, ,    15.7, ,    18.0, ,    16.3, ,    10.1, ,     5.4, ,     1.0, ,    -7.9, ,     3.9, ,    -9.3, ,     2.4, ,    16.7, ,     5.5, 
 1967,   -10.5, ,   -15.1, ,    -8.7, ,     0.3, ,     5.7, ,    17.1, ,    19.4, ,    17.4, ,    12.3, ,     5.6, ,    -2.6, ,    -9.2, ,     2.6, ,   -11.2, ,    -0.9, ,    18.0, ,     5.1, 
 1968,   -15.4, ,   -13.8, ,    -3.9, ,     4.3, ,     9.3, ,    14.5, ,    18.4, ,    14.4, ,    14.3, ,     7.9, ,    -3.7, ,   -10.2, ,     3.0, ,   -12.8, ,     3.2, ,    15.8, ,     6.2, 
 1969,    -9.7, ,    -8.5, ,    -5.2, ,     0.1, ,     8.2, ,    15.6, ,    17.4, ,    17.8, ,    10.3, ,     4.7, ,    -0.1, ,    -8.2, ,     3.5, ,    -9.5, ,     1.0, ,    16.9, ,     5.0, 
 1970,   -16.0, ,   -11.3, ,    -5.3, ,     1.9, ,     9.2, ,    15.6, ,    19.8, ,    17.3, ,    11.1, ,     7.4, ,    -0.4, ,   -13.1, ,     3.0, ,   -11.8, ,     1.9, ,    17.6, ,     6.0, 
 1971,   -15.9, ,   -10.7, ,    -4.8, ,     1.8, ,    11.1, , -9999.9,M, -9999.9,M, -9999.9,M,    13.7, ,     8.1, ,    -2.5, ,   -10.9, , -9999.9,M,   -13.2, ,     2.7, , -9999.9,M,     6.4, 
 1972,   -13.0, ,   -13.7, ,    -7.9, ,     0.0, ,    10.3, ,    15.3, ,    17.5, ,    14.9, ,    11.8, ,     2.4, ,    -3.8, ,   -12.3, ,     1.8, ,   -12.5, ,     0.8, ,    15.9, ,     3.5, 
 1973,   -11.9, ,   -11.8, ,    -2.0, ,     2.3, ,     8.1, ,    16.9, ,    19.8, ,    18.5, ,    11.2, ,     6.4, ,    -3.1, ,    -7.4, ,     3.9, ,   -12.0, ,     2.8, ,    18.4, ,     4.8, 
 1974,   -13.2, ,   -13.2, ,    -7.6, ,     0.7, ,     6.0, ,    16.0, ,    17.5, ,    17.3, ,    10.5, ,     2.4, ,    -1.5, ,    -7.4, ,     2.3, ,   -11.3, ,    -0.3, ,    16.9, ,     3.8, 
 1975,   -12.3, ,   -11.1, ,    -6.0, ,     0.0, ,    11.4, ,    16.2, ,    20.1, ,    17.4, ,    11.5, ,     5.9, ,    -0.7, ,   -12.0, ,     3.4, ,   -10.3, ,     1.8, ,    17.9, ,     5.6, 
 1976,   -14.8, ,   -10.4, ,    -5.7, ,     2.1, ,     9.9, ,    16.9, , -9999.9,M,    16.1, ,    10.7, ,     3.3, ,    -4.5, ,   -15.0, , -9999.9,M,   -12.4, ,     2.1, , -9999.9,M,     3.2, 
 1977,   -15.3, ,   -11.1, ,    -1.2, ,     1.0, ,    10.9, ,    13.6, ,    16.6, ,    15.8, ,     9.8, ,     5.1, ,    -0.2, ,   -10.4, ,     2.9, ,   -13.8, ,     3.6, ,    15.3, ,     4.9, 
 1978,   -13.8, ,   -12.2, ,    -7.7, , -9999.9,M,    12.4, ,    15.3, ,    17.9, ,    17.3, ,     9.6, ,     3.9, ,    -3.2, ,   -10.1, , -9999.9,M,   -12.1, , -9999.9,M,    16.8, ,     3.4, 
 1979,   -11.2, ,   -15.1, ,    -1.5, ,     3.0, ,    10.7, ,    16.2, ,    19.3, ,    15.3, ,    10.9, ,     5.9, ,     0.3, ,    -8.6, ,     3.8, ,   -12.1, ,     4.1, ,    16.9, ,     5.7, 
 1980,   -12.6,E,   -12.0, ,    -5.6, ,     3.3, ,    10.1, ,    13.7, ,    17.2, ,    18.0, ,     9.8, ,     3.1, ,    -3.4, ,   -14.3, ,     2.3,E,   -11.1,E,     2.6, ,    16.3, ,     3.2, 
 1981,   -15.9, ,    -4.2, ,    -3.5, ,     3.2, ,    10.9, ,    15.6, ,    18.4, ,    16.5, ,    10.9, ,     4.0, ,    -1.3, ,    -6.7, ,     4.0, ,   -11.5, ,     3.5, ,    16.8, ,     4.5, 
 1982,   -17.7, ,   -12.6,E,    -5.9,E,    -0.1, ,    10.7, ,    14.5, ,    17.6, ,    14.3, ,    12.1, ,     6.5, ,    -0.6, ,    -6.7, ,     2.7,E,   -12.3,E,     1.6,E,    15.5, ,     6.0, 
 1983,   -10.6,E,    -9.3, ,    -4.1, ,     3.2, ,     7.9, ,    16.7, ,    18.3, ,    17.8,E,    14.0, ,     5.2, ,    -1.5, ,   -11.1,E,     3.9,E,    -8.9,E,     2.3, ,    17.6,E,     5.9, 
 1984,   -14.3, ,    -5.1, ,    -9.0, ,     3.1,E,     8.5, ,    15.1, ,    18.3, ,    18.4,E,    10.2, ,     6.2,E,    -1.1, ,    -8.2, ,     3.5,E,   -10.2,E,     0.9,E,    17.3,E,     5.1,E
 1985,   -15.2, ,    -9.0, ,    -6.1, ,     0.8, ,     9.2, ,    14.0,E,    17.8, ,    16.2, ,    12.8,E,     5.6, ,    -2.8, ,   -11.3, ,     2.7,E,   -10.8, ,     1.3, ,    16.0,E,     5.2,E
 1986,   -12.5, ,   -11.5, ,    -5.3, ,     4.4, ,    10.2,E,    12.7, ,    16.0, ,    15.3, ,     9.5, ,     4.2,E,    -4.4, ,    -9.3, ,     2.4,E,   -11.8, ,     3.1,E,    14.7, ,     3.1,E
 1987,   -12.4,E,   -12.3, ,    -2.6, ,     5.5, ,    10.1,E,    15.5,E,    18.1,E,    15.6,E,    11.4, ,     5.4,E,    -2.8, ,    -7.8, ,     3.6,E,   -11.3,E,     4.3,E,    16.4,E,     4.7,E
 1988,   -11.7, ,   -11.4,E,    -5.8, ,     2.2, ,    11.4, ,    14.1, ,    19.1, ,    17.2, ,    10.8, ,     3.2, ,    -0.2, ,   -10.6, ,     3.2,E,   -10.3,E,     2.6, ,    16.8, ,     4.6, 
 1989,   -11.0, ,   -12.9, ,    -7.4, ,     1.7, ,    12.6,E,    15.4, ,    18.1, ,    16.9,E,    12.9, ,     6.4, ,    -4.2, ,   -17.1, ,     2.6,E,   -11.5, ,     2.3,E,    16.8,E,     5.0, 
 1990,    -8.1, ,   -11.5, ,    -4.5, ,     3.2, ,     8.5,E,    15.6, ,    18.6, ,    18.4, ,    11.4, ,     5.7, ,    -1.7, ,    -7.3, ,     4.0,E,   -12.2, ,     2.4,E,    17.5, ,     5.1, 
 1991,   -14.5, ,    -9.0, ,    -4.4,E,     3.9, ,    11.1, ,    16.3, ,    18.2, ,    17.6, ,    10.3, ,     5.8, ,    -1.1, ,   -10.9, ,     3.6,E,   -10.3, ,     3.5,E,    17.4, ,     5.0, 
 1992,   -13.2, ,   -12.4, ,    -7.3, ,     1.7, ,    11.3, ,    15.2, ,    15.4, ,    16.6, ,    12.8, ,     3.9, ,    -2.0, ,    -8.0, ,     2.8, ,   -12.2, ,     1.9, ,    15.7, ,     4.9, 
 1993,   -13.1, ,   -15.7, ,    -5.4, ,     3.5, ,    10.2, ,    15.4, ,    18.4, ,    18.2, ,    11.6, ,     2.9, ,    -2.6, ,    -9.1, ,     2.9, ,   -12.3, ,     2.8, ,    17.3, ,     4.0, 
 1994,   -19.1, ,   -14.3,E,    -4.8, ,     1.3, ,     8.2,E,    16.4, ,    18.6, ,    15.1, ,    10.6, ,     6.7, ,    -0.3, ,    -7.6, ,     2.6,E,   -14.2,E,     1.6,E,    16.7, ,     5.7, 
 1995,   -10.1, ,   -14.0, ,    -4.2, ,    -0.3, ,     9.0, ,    16.0, ,    18.8, ,    16.7, ,     9.7, ,     7.3, ,    -4.2, ,   -11.7, ,     2.8, ,   -10.6, ,     1.5, ,    17.2, ,     4.3, 
 1996,   -13.8, ,   -11.9, ,    -6.7, ,     1.6, ,     7.9, ,    15.2, ,    17.0, ,    15.9, ,    11.3, ,     4.4, ,    -3.4, ,    -5.2, ,     2.7, ,   -12.5, ,     0.9, ,    16.0, ,     4.1, 
 1997,   -14.4, ,   -11.7, ,    -8.1, ,     0.5, ,     7.0, ,    14.7, ,    17.6,E, -9999.9,M, -9999.9,M, -9999.9,M, -9999.9,M, -9999.9,M, -9999.9,M,   -10.4, ,    -0.2, , -9999.9,M, -9999.9,M
 1998, -9999.9,M, -9999.9,M, -9999.9,M, -9999.9,M, -9999.9,M, -9999.9,M, -9999.9,M, -9999.9,M, -9999.9,M, -9999.9,M, -9999.9,M, -9999.9,M, -9999.9,M, -9999.9,M, -9999.9,M, -9999.9,M, -9999.9,M
 1999, -9999.9,M, -9999.9,M, -9999.9,M, -9999.9,M, -9999.9,M, -9999.9,M, -9999.9,M, -9999.9,M, -9999.9,M, -9999.9,M, -9999.9,M, -9999.9,M, -9999.9,M, -9999.9,M, -9999.9,M, -9999.9,M, -9999.9,M
 2000, -9999.9,M, -9999.9,M, -9999.9,M, -9999.9,M, -9999.9,M, -9999.9,M, -9999.9,M, -9999.9,M, -9999.9,M, -9999.9,M, -9999.9,M, -9999.9,M, -9999.9,M, -9999.9,M, -9999.9,M, -9999.9,M, -9999.9,M
 2001, -9999.9,M,   -12.5,E,    -6.8, ,     1.7, ,    12.5, ,    15.8, ,    16.5, ,    17.9, ,    12.5, ,     6.7, ,     0.5, ,    -4.6, , -9999.9,M, -9999.9,M,     2.5, ,    16.7, ,     6.6, 
 2002,   -10.5, , -9999.9,M, -9999.9,M, -9999.9,M, -9999.9,M, -9999.9,M, -9999.9,M, -9999.9,M, -9999.9,M, -9999.9,M, -9999.9,M, -9999.9,M, -9999.9,M, -9999.9,M, -9999.9,M, -9999.9,M, -9999.9,M
 2003, -9999.9,M, -9999.9,M, -9999.9,M, -9999.9,M, -9999.9,M, -9999.9,M, -9999.9,M, -9999.9,M, -9999.9,M, -9999.9,M, -9999.9,M, -9999.9,M, -9999.9,M, -9999.9,M, -9999.9,M, -9999.9,M, -9999.9,M
 2004, -9999.9,M, -9999.9,M, -9999.9,M,     2.7, , -9999.9,M, -9999.9,M, -9999.9,M, -9999.9,M, -9999.9,M, -9999.9,M, -9999.9,M, -9999.9,M, -9999.9,M, -9999.9,M, -9999.9,M, -9999.9,M, -9999.9,M
