7016840,STE_ANNE_DELA_PERADE,QUE , station not joined, Monthly mean of homogenized daily mean temperature                     , Deg Celcius,          Updated to December 2019
7016840,STE_ANNE_DELA_PERADE,QUE , station non jointe, Moyenne mensuelle des temperatures quotidiennes moyennes homogeneisees , Deg Celsius, Mise a jour jusqu a decembre 2019
 Year,     Jan, ,     Feb, ,     Mar, ,     Apr, ,     May, ,     Jun, ,     Jul, ,     Aug, ,     Sep, ,     Oct, ,     Nov, ,     Dec, ,  Annual, ,  Winter, ,  Spring, ,  Summer, ,  Autumn
Annee,    Janv, ,     Fev, ,    Mars, ,     Avr, ,     Mai, ,    Juin, ,    Juil, ,    Aout, ,    Sept, ,     Oct, ,     Nov, ,     Dec, ,  Annuel, ,   Hiver, ,Printemp, ,     Ete, , Automne
 1949, -9999.9,M, -9999.9,M, -9999.9,M, -9999.9,M, -9999.9,M, -9999.9,M, -9999.9,M, -9999.9,M,    13.9, ,     9.1, ,    -1.8, ,    -6.5, , -9999.9,M, -9999.9,M, -9999.9,M, -9999.9,M,     7.1, 
 1950,    -9.2, ,   -13.1, ,    -7.6, ,     3.3, ,    12.4, ,    17.0, ,    19.7, ,    17.6, ,    11.3, ,     7.7, ,     2.4, ,    -7.2, ,     4.5, ,    -9.6, ,     2.7, ,    18.1, ,     7.1, 
 1951,   -11.3, ,    -9.8, ,    -3.4, ,     5.3, ,    12.5, ,    17.1, ,    19.4, ,    17.2, ,    13.3, ,     8.4, ,    -2.0, , -9999.9,M, -9999.9,M,    -9.4, ,     4.8, ,    17.9, ,     6.6, 
 1952, -9999.9,M,    -7.7, ,    -2.4, ,     4.7, ,    10.6, ,    18.2, ,    22.3, ,    18.8, ,    14.0, ,     5.8, ,     0.7, ,    -5.9, , -9999.9,M, -9999.9,M,     4.3, ,    19.8, ,     6.8, 
 1953,    -8.2, ,    -8.6, ,    -4.6, , -9999.9,M,    12.9, ,    17.3, ,    19.7, ,    18.2, ,    13.8, ,     8.0, ,     3.0, ,    -4.2, , -9999.9,M,    -7.6, , -9999.9,M,    18.4, ,     8.3, 
 1954,   -16.0, ,    -7.1, ,    -4.6, ,     3.3, ,    10.9, ,    17.2, ,    18.5, ,    17.5, ,    12.6, ,     8.1, ,     1.1, ,    -7.4, ,     4.5, ,    -9.1, ,     3.2, ,    17.7, ,     7.3, 
 1955,   -12.5, ,   -10.8, ,    -6.2, ,     4.4, ,    13.4, ,    18.3, ,    21.3, ,    20.5, ,    12.2, ,     8.0, ,    -0.1, ,   -12.4, ,     4.7, ,   -10.2, ,     3.9, ,    20.0, ,     6.7, 
 1956,    -7.2, ,    -9.8, ,    -7.8, ,     3.7, ,     8.0, , -9999.9,M, -9999.9,M,    17.1, ,    11.0, ,     7.4, ,     0.9, ,    -9.1, , -9999.9,M,    -9.8, ,     1.3, , -9999.9,M,     6.4, 
 1957,   -16.2, ,    -8.8, ,    -3.3, ,     4.7, ,    11.1, ,    17.4, ,    19.4, ,    16.2, ,    13.5, ,     8.0, ,     2.2, ,    -6.3, ,     4.8, ,   -11.4, ,     4.2, ,    17.7, ,     7.9, 
 1958,    -8.9, ,   -13.2, ,    -0.2, ,     5.1, ,     9.8, ,    13.7, ,    19.2, , -9999.9,M,    13.1, ,     6.1, ,     0.4, ,   -16.5, , -9999.9,M,    -9.5, ,     4.9, , -9999.9,M,     6.5, 
 1959,   -12.7, ,   -16.3, ,    -6.9, ,     4.0, ,    13.5, ,    15.9, ,    21.0, ,    18.9, ,    14.6, ,     6.1, ,    -1.0, ,    -8.0, ,     4.1, ,   -15.2, ,     3.5, ,    18.6, ,     6.6, 
 1960,   -11.9, ,    -6.6, ,    -5.7, ,     3.6, ,    14.4, ,    17.2, ,    18.4, ,    17.8, ,    13.1, ,     6.4, ,     2.3, ,    -9.8, ,     4.9, ,    -8.8, ,     4.1, ,    17.8, ,     7.3, 
 1961,   -16.4, ,   -11.1, ,    -5.7, ,     4.1, ,    10.5, ,    15.3, , -9999.9,M, -9999.9,M,    15.9, ,     8.2, , -9999.9,M,    -6.9, , -9999.9,M,   -12.4, ,     3.0, , -9999.9,M, -9999.9,M
 1962,   -13.1, ,   -14.7, ,    -2.2, ,     4.0, ,    11.9, ,    17.5, ,    17.0, ,    18.2, ,    12.2, ,     7.6, ,    -0.8, ,    -8.8, ,     4.1, ,   -11.6, ,     4.6, ,    17.6, ,     6.3, 
 1963,   -11.5, ,   -14.4, ,    -5.2, ,     4.2, ,    11.0, ,    18.2, , -9999.9,M,    15.3, ,    11.6, ,    10.0, ,     2.5, ,   -12.9, , -9999.9,M,   -11.6, ,     3.3, , -9999.9,M,     8.0, 
 1964,    -9.4, ,   -10.3, ,    -3.7, ,     4.0, ,    12.7, ,    16.5, ,    19.8, , -9999.9,M,    12.2, ,     5.9, ,    -0.8, ,    -7.8, , -9999.9,M,   -10.9, ,     4.3, , -9999.9,M,     5.8, 
 1965,   -13.1, ,   -11.7, ,    -2.6, ,     4.2, ,    11.5, ,    17.0, ,    16.9, ,    17.0, ,    13.8, ,     6.1, ,    -1.9, ,    -7.2, ,     4.2, ,   -10.9, ,     4.4, ,    17.0, ,     6.0, 
 1966,   -10.8, ,    -9.9, ,    -3.5, ,     4.1, ,     9.8, ,    16.8, ,    19.2, ,    17.6, ,    11.4, ,     6.9, ,     1.9, ,    -7.2, ,     4.7, ,    -9.3, ,     3.5, ,    17.9, ,     6.7, 
 1967,   -10.0, ,   -15.4, ,    -8.1, ,     1.4, ,     7.9, ,    17.5, ,    20.2, ,    18.6, ,    12.7, ,     7.2, ,    -1.1, ,    -7.2, ,     3.6, ,   -10.9, ,     0.4, ,    18.8, ,     6.3, 
 1968, -9999.9,M,   -14.1, ,    -3.8, ,     5.8, ,    10.4, ,    15.4, ,    19.2, ,    15.9, ,    15.9, ,     9.4, ,    -1.7, ,    -9.4, , -9999.9,M, -9999.9,M,     4.1, ,    16.8, ,     7.9, 
 1969,   -10.1, ,    -7.8, ,    -4.6, ,     1.7, ,     9.9, ,    16.1, ,    18.4, ,    19.5, ,    12.1, ,     6.5, ,     1.6, ,    -7.5, ,     4.7, ,    -9.1, ,     2.3, ,    18.0, ,     6.7, 
 1970,   -17.4, ,   -11.9, ,    -4.9, ,     2.7, ,    10.8, ,    16.6, ,    20.8, ,    19.1, ,    12.5, ,     9.0, ,     1.9, ,   -10.7, ,     4.0, ,   -12.3, ,     2.9, ,    18.8, ,     7.8, 
 1971,   -16.1, ,   -11.5, ,    -5.2, ,     2.1, ,    11.2, ,    16.3, ,    18.7, ,    17.2, ,    15.1, ,     9.2, ,    -1.3, ,   -10.6, ,     3.8, ,   -12.8, ,     2.7, ,    17.4, ,     7.7, 
 1972,   -12.1, ,   -14.7, ,    -7.0, ,     1.0, ,    11.2, ,    16.2, ,    19.0, ,    16.4, ,    13.3, ,     4.4, ,    -1.5, ,   -11.2, ,     2.9, ,   -12.5, ,     1.7, ,    17.2, ,     5.4, 
 1973,   -11.9, ,   -12.0, ,    -0.9, ,     4.0, ,    10.4, ,    18.5, ,    20.7, ,    20.4, ,    13.1, ,     7.6, ,    -0.4, ,    -6.5, ,     5.3, ,   -11.7, ,     4.5, ,    19.9, ,     6.8, 
 1974,   -13.4, ,   -12.6, ,    -5.9, ,     2.4, ,     8.4, ,    17.0, ,    19.6, ,    18.5, ,    11.9, ,     4.2, ,    -0.6, ,    -5.9, ,     3.6, ,   -10.8, ,     1.6, ,    18.4, ,     5.2, 
 1975,   -11.4, ,   -11.5, ,    -5.6, ,     2.0, ,    13.4, ,    18.1, ,    21.5, ,    18.6, ,    13.2, ,     7.5, ,     1.7, ,   -10.6, ,     4.7, ,    -9.6, ,     3.3, ,    19.4, ,     7.5, 
 1976,   -15.9, , -9999.9,M,    -6.1, ,     4.1, ,    11.3, ,    18.6, ,    18.3, ,    18.0, ,    12.1, ,     5.0, ,    -2.5, ,   -14.0, , -9999.9,M, -9999.9,M,     3.1, ,    18.3, ,     4.9, 
 1977,   -15.9, , -9999.9,M,    -2.1, ,     2.2, ,    12.5, ,    16.3, ,    19.0, ,    17.1, ,    12.5, ,     6.6, ,     0.1, ,    -9.1, , -9999.9,M, -9999.9,M,     4.2, ,    17.5, ,     6.4, 
 1978,   -13.2, ,   -12.6, ,    -6.8, ,     1.8, ,    12.9, ,    16.2, ,    18.6, ,    16.7, ,     9.7, ,     4.7, ,    -2.8, ,   -10.7, ,     2.9, ,   -11.6, ,     2.6, ,    17.2, ,     3.9, 
 1979,   -11.1, ,   -14.5, ,    -1.7, ,     5.5, ,    12.6, ,    17.0, ,    20.0, ,    17.1, ,    12.3, ,     7.5, ,     1.9, ,    -6.7, ,     5.0, ,   -12.1, ,     5.5, ,    18.0, ,     7.2, 
 1980,   -11.1, ,   -11.0, ,    -4.4, ,     5.6, ,    11.6,E,    15.3, ,    18.6, ,    19.1, ,    11.8, ,     5.1, ,    -1.8, ,   -14.4, ,     3.7,E,    -9.6, ,     4.3,E,    17.7, ,     5.0, 
 1981,   -16.6, ,    -4.9, ,    -1.8, ,     5.9, ,    11.6, ,    16.5, ,    19.5, ,    18.0, ,    13.3, ,     5.2, ,     0.3, ,    -5.8, ,     5.1, ,   -12.0, ,     5.2, ,    18.0, ,     6.3, 
 1982,   -17.9, ,   -12.2, ,    -4.9, ,     1.8, ,    12.5, ,    15.5, ,    19.1, ,    16.3, ,    13.4, ,     7.7, ,     1.5, ,    -5.0, ,     4.0, ,   -12.0, ,     3.1, ,    17.0, ,     7.5, 
 1983,   -10.2, ,    -8.8, ,    -2.2, ,     4.1, ,     9.3, ,    17.6, ,    20.1, ,    19.4, ,    15.0, ,     7.0, ,     0.8, ,   -10.2, ,     5.2, ,    -8.0, ,     3.7, ,    19.0, ,     7.6, 
 1984,   -14.9, ,    -5.4, ,    -8.1, ,     4.4, ,    10.4,E,    16.6, ,    19.3, ,    19.6, ,    11.2, ,     7.3, ,     0.5, ,    -7.7, ,     4.4,E,   -10.2, ,     2.2,E,    18.5, ,     6.3, 
 1985,   -15.3, ,    -8.8, ,    -4.7, ,     3.4, ,    10.8, ,    15.2, ,    18.8, ,    17.5, ,    14.0, ,     7.1, ,    -1.4, ,   -11.2, ,     3.8, ,   -10.6, ,     3.2, ,    17.2, ,     6.6, 
 1986,   -13.1,E,   -12.4, ,    -4.8, ,     5.9, ,    12.0, ,    14.5, ,    17.9, ,    17.1, ,    11.2, ,     6.3, ,    -2.4, ,    -7.9,E,     3.7,E,   -12.2,E,     4.4, ,    16.5, ,     5.0, 
 1987,   -11.9, ,   -12.1, ,    -2.4, ,     7.8, ,    10.6, ,    17.1, ,    19.7, ,    16.8, ,    12.7, ,     6.0, ,    -1.4, ,    -6.2, ,     4.7, ,   -10.6,E,     5.3, ,    17.9, ,     5.8, 
 1988,   -12.2, ,   -11.2,E,    -6.0, ,     4.4, ,    13.2, ,    15.9, ,    20.5, ,    18.8, ,    12.4, ,     5.1,E,     1.0, ,   -10.3, ,     4.3,E,    -9.9,E,     3.9, ,    18.4, ,     6.2,E
 1989,   -12.0, ,   -13.6, ,    -7.3, ,     3.4, ,    13.1, ,    16.8, ,    19.4, ,    18.6, , -9999.9,M,     6.8, ,    -2.9, ,   -18.6, , -9999.9,M,   -12.0, ,     3.1, ,    18.3, , -9999.9,M
 1990,    -6.9, ,   -11.4, ,    -4.7, ,     4.3, ,    10.4, ,    16.1, ,    19.3, ,    19.1, ,    12.9, ,     7.2, ,     0.0, ,    -7.6,E,     4.9,E,   -12.3, ,     3.3, ,    18.2, ,     6.7, 
 1991,   -13.7, ,    -9.5, ,    -2.4, ,     4.9, ,    13.3, ,    17.8, ,    19.3, ,    19.1, ,    11.2, ,     6.8, ,     0.0, ,   -10.9,E,     4.7,E,   -10.3,E,     5.3, ,    18.7, ,     6.0, 
 1992,   -15.1, ,   -12.8, ,    -7.5, ,     2.6, ,    11.4, ,    15.9, ,    16.0,E,    17.1, ,    13.5, ,     5.2, ,    -0.3, ,    -6.1, ,     3.3,E,   -12.9,E,     2.2, ,    16.3,E,     6.1, 
 1993,   -12.7, ,   -16.0, ,    -6.3, ,     4.7, ,    11.9, ,    16.5, ,    20.1, ,    19.7, ,    12.8, ,     4.8, ,    -1.2, ,    -8.3, ,     3.8, ,   -11.6, ,     3.4, ,    18.8, ,     5.5, 
 1994,   -19.7, ,   -14.2, ,    -3.7, ,     2.8, ,    10.6, ,    18.1, ,    20.2, ,    17.0, ,    12.9, ,     8.4, ,     2.2, ,    -6.1, ,     4.0, ,   -14.1, ,     3.2, ,    18.4, ,     7.8, 
 1995,    -8.4, ,   -12.3, ,    -2.5, ,     2.6, ,    11.9, ,    18.1, ,    20.8, ,    18.8, ,    11.6, ,     9.8, ,    -2.4, ,    -9.8, ,     4.9, ,    -8.9, ,     4.0, ,    19.2, ,     6.3, 
 1996,   -13.8, ,   -11.0, ,    -4.6, ,     4.0, ,    10.6, ,    17.4, ,    19.2, ,    18.8, ,    14.3, ,     6.1, ,    -1.5, ,    -3.8, ,     4.6, ,   -11.5, ,     3.3, ,    18.5, ,     6.3, 
 1997,   -13.2, ,   -11.0, ,    -7.1, ,     2.3, ,     9.1, ,    17.7, ,    19.5, ,    17.7, ,    13.5, ,     6.7, ,    -1.0, ,    -8.8, ,     3.8, ,    -9.3, ,     1.4, ,    18.3, ,     6.4, 
 1998,    -9.8, ,    -6.1, ,    -3.1, ,     6.4, ,    15.2, ,    17.3, ,    19.2, ,    19.1, ,    14.4, ,     8.0, ,     1.4, ,    -5.1, ,     6.4, ,    -8.2, ,     6.2, ,    18.5, ,     7.9, 
 1999,   -12.8, ,    -8.0, ,    -2.2, ,     4.8, ,    14.9, ,    18.4, ,    20.7, ,    18.3, ,    16.2, ,     5.7, ,     2.7, ,    -5.2, ,     6.1, ,    -8.6, ,     5.8, ,    19.1, ,     8.2, 
 2000,   -13.4, ,    -9.9, ,    -0.5, ,     3.9, ,    11.0, ,    15.7,E,    18.8, ,    18.4, ,    12.4, ,     7.2, ,     2.0, ,   -11.0, ,     4.6,E,    -9.5, ,     4.8, ,    17.6,E,     7.2, 
 2001,   -11.9, ,   -10.9, ,    -4.6, ,     4.0,E,    13.9, ,    18.1,E,    18.4, ,    19.7,E,    14.8, ,     8.5, ,     2.6, ,    -2.7, ,     5.8,E,   -11.3, ,     4.4,E,    18.7,E,     8.6, 
 2002,    -8.7, ,    -9.0, ,    -5.0, ,     4.6, ,     9.9, ,    15.4, ,    20.3,E,    19.7,E,    16.0, ,     5.4, ,    -1.3, ,    -7.5, ,     5.0,E,    -6.8, ,     3.2, ,    18.5,E,     6.7, 
 2003,   -15.4, ,   -14.0,E,    -6.4,E,     2.1,E,    11.6, ,    17.6, ,    19.5, ,    19.6,E,    15.7, ,     6.7, ,     1.2, ,    -6.5, ,     4.3,E,   -12.3,E,     2.4,E,    18.9,E,     7.9, 
 2004,   -17.2, ,   -10.0, ,    -2.9, ,     4.3, ,    11.5, ,    16.1, ,    19.8, ,    18.2,E,    14.1,E,     8.2, ,     0.1, ,   -10.2,E,     4.3,E,   -11.2, ,     4.3, ,    18.0,E,     7.5,E
 2005,   -14.6, ,    -8.9, ,    -5.0, ,     5.1, ,    10.7, ,    18.6, ,    20.6, ,    19.9,E,    15.7, ,     8.8, ,     0.8,E,    -7.7, ,     5.3,E,   -11.2,E,     3.6, ,    19.7,E,     8.4,E
 2006,    -7.0,E,    -9.5, ,    -2.0, ,     6.3, ,    13.1, ,    18.6, ,    21.5, ,    17.8, ,    13.4, ,     7.0, ,     3.4, ,    -3.8,E,     6.6,E,    -8.1,E,     5.8, ,    19.3, ,     7.9, 
 2007,   -10.9,E,   -13.0, ,    -4.8, ,     3.6, ,    12.4, ,    18.1, ,    18.8, ,    17.7, ,    14.7, ,     9.7, ,     0.0,E,    -9.1,E,     4.8,E,    -9.2,E,     3.7, ,    18.2, ,     8.1,E
 2008,    -9.4,E,   -10.6, ,    -6.7,E,     5.2, ,    11.0, ,    17.7, ,    19.8, ,    18.6, ,    14.4, ,     7.3, ,     1.3, ,    -9.4, ,     4.9,E,    -9.7,E,     3.2,E,    18.7, ,     7.7, 
 2009,   -17.4,E,    -9.0, ,    -3.8, ,     6.3, ,    11.0, ,    16.8, ,    18.4, ,    19.5,E,    14.0,E,     5.8, ,     3.2, ,    -7.4, ,     4.8,E,   -11.9,E,     4.5, ,    18.2,E,     7.7,E
 2010,    -7.2, ,    -5.4, ,     1.1, ,     7.8, ,    13.9, ,    17.1, ,    21.3, ,    19.3, ,    14.8,E,     6.9,E,     0.6, ,    -6.5,E,     7.0,E,    -6.7, ,     7.6, ,    19.2, ,     7.4,E
 2011,   -10.7, ,   -10.4, ,    -3.8,E,     4.1,E,    11.8,E,    17.7, ,    21.1,E,    19.5, ,    15.5, ,     9.1, ,     3.5, , -9999.9,M, -9999.9,M,    -9.2,E,     4.0,E,    19.4,E,     9.4, 
 2012, -9999.9,M, -9999.9,M,    -0.5, ,     5.9, ,    13.6,E,    18.1, ,    20.6, ,    20.1, ,    14.5, ,     9.0, ,    -0.4, ,    -5.3, , -9999.9,M, -9999.9,M,     6.3,E,    19.6, ,     7.7, 
 2013, -9999.9,M,    -8.5, , -9999.9,M,     4.3, ,    13.5, ,    16.0, ,    20.7, ,    18.7, , -9999.9,M, -9999.9,M,    -0.6, ,   -10.8, , -9999.9,M, -9999.9,M, -9999.9,M,    18.5, , -9999.9,M
 2014,    -9.9, ,   -11.6, ,    -9.2, ,     3.8, ,    12.6, ,    18.6, ,    19.7, ,    18.9, ,    13.9, , -9999.9,M,    -0.2, ,    -5.2, , -9999.9,M,   -10.8, ,     2.4, ,    19.1, , -9999.9,M
 2015,   -13.7, ,   -17.6, ,    -7.0, ,     4.5, ,    14.6, ,    16.5, ,    19.7, , -9999.9,M,    17.1, ,     6.4, ,     2.6, ,     0.1, , -9999.9,M,   -12.2, ,     4.0, , -9999.9,M,     8.7, 
 2016,    -8.0, ,    -8.8, ,    -3.8, ,     1.4, ,    13.2, ,    17.3, ,    19.9, ,    20.4, ,    15.2, ,     8.0, ,     3.2, ,    -7.0, ,     5.9, ,    -5.6, ,     3.6, ,    19.2, ,     8.8, 
 2017,    -7.7, ,    -7.4, ,    -6.3, ,     5.3, ,    11.8, ,    17.7, ,    19.6, ,    18.3, ,    16.9, ,    11.5, ,    -0.5, ,   -11.1, ,     5.7, ,    -7.4, ,     3.6, ,    18.5, ,     9.3, 
 2018,   -12.1, ,    -7.7, ,    -1.5, ,     2.0, ,    13.3, ,    16.9, ,    21.9, ,    21.1, ,    15.5, ,     5.6, ,    -2.8, ,    -8.6, ,     5.3, ,   -10.3, ,     4.6, ,    20.0, ,     6.1, 
 2019,   -12.8, ,   -11.1, ,    -4.8, ,     3.0, , -9999.9,M,    16.5, ,    21.4,E,    19.0, , -9999.9,M, -9999.9,M, -9999.9,M, -9999.9,M, -9999.9,M,   -10.8, , -9999.9,M,    19.0,E, -9999.9,M
