7056930,ST_CAMILLE_         ,QUE , station not joined, Monthly mean of homogenized daily mean temperature                     , Deg Celcius,          Updated to December 2019
7056930,ST_CAMILLE_         ,QUE , station non jointe, Moyenne mensuelle des temperatures quotidiennes moyennes homogeneisees , Deg Celsius, Mise a jour jusqu a decembre 2019
 Year,     Jan, ,     Feb, ,     Mar, ,     Apr, ,     May, ,     Jun, ,     Jul, ,     Aug, ,     Sep, ,     Oct, ,     Nov, ,     Dec, ,  Annual, ,  Winter, ,  Spring, ,  Summer, ,  Autumn
Annee,    Janv, ,     Fev, ,    Mars, ,     Avr, ,     Mai, ,    Juin, ,    Juil, ,    Aout, ,    Sept, ,     Oct, ,     Nov, ,     Dec, ,  Annuel, ,   Hiver, ,Printemp, ,     Ete, , Automne
 1963, -9999.9,M, -9999.9,M, -9999.9,M, -9999.9,M, -9999.9,M, -9999.9,M,    18.2, ,    13.6, ,     9.0, ,     8.1, ,     0.5, ,   -14.3, , -9999.9,M, -9999.9,M, -9999.9,M, -9999.9,M,     5.9, 
 1964,   -10.3, ,   -10.8, ,    -5.9, ,     1.2, ,    10.3, ,    13.7, ,    17.6, ,    13.8, ,     9.9, ,     4.3, ,    -2.4, ,    -8.8, ,     2.7, ,   -11.8, ,     1.9, ,    15.0, ,     3.9, 
 1965,   -14.5, ,   -13.0, ,    -5.7, ,     1.2, ,     9.5, ,    14.5, ,    14.8, ,    15.4, ,    11.8, ,     4.4, ,    -4.5, ,    -8.5, ,     2.1, ,   -12.1, ,     1.7, ,    14.9, ,     3.9, 
 1966,   -11.4, ,    -9.8, ,    -4.5, ,     1.1, ,     7.8, ,    15.0, ,    16.7, ,    15.5, ,     9.6, ,     4.9, ,     0.8, ,    -7.8, ,     3.2, ,    -9.9, ,     1.5, ,    15.7, ,     5.1, 
 1967,   -10.4, ,   -16.1, ,    -9.1, ,     0.3, ,     5.0, ,    15.8, ,    17.9, ,    16.3, ,    11.7, ,     6.1, ,    -2.6, ,    -9.3, ,     2.1, ,   -11.4, ,    -1.3, ,    16.7, ,     5.1, 
 1968,   -15.4, ,   -14.4, ,    -4.0, ,     3.7, ,     8.0, ,    13.2, ,    17.1, ,    13.6, ,    13.1, ,     7.6, ,    -3.9, ,   -10.6, ,     2.3, ,   -13.0, ,     2.6, ,    14.6, ,     5.6, 
 1969,   -10.2, ,    -8.7, ,    -5.8, ,     0.4, ,     8.0, ,    14.4, ,    16.0, ,    16.9, ,    10.5, ,     4.7, ,    -0.1, ,    -8.8, ,     3.1, ,    -9.8, ,     0.9, ,    15.8, ,     5.0, 
 1970,   -17.2, ,   -11.8, ,    -6.3, ,     1.2, ,     8.9, ,    14.7, ,    18.6, ,    16.4, ,    10.8, ,     7.2, ,    -0.8, ,   -13.9, ,     2.3, ,   -12.6, ,     1.3, ,    16.6, ,     5.7, 
 1971,   -16.1, ,   -11.2, ,    -6.3, ,     1.1, ,     9.4, ,    13.6, ,    16.4, ,    15.3, ,    13.3, ,     7.6, ,    -3.4, ,   -11.7, ,     2.3, ,   -13.7, ,     1.4, ,    15.1, ,     5.8, 
 1972,   -12.7, ,   -14.1, ,    -8.5, ,     0.3, ,     9.7, ,    15.1, ,    16.9, ,    14.6, ,    11.8, ,     2.7, ,    -3.7, ,   -12.1, ,     1.7, ,   -12.8, ,     0.5, ,    15.5, ,     3.6, 
 1973,   -11.2, ,   -11.8, ,    -1.2, ,     2.0, ,     8.1, ,    16.2, ,    18.7, ,    18.5, ,    10.6, ,     5.9, ,    -2.5, ,    -6.6, ,     3.9, ,   -11.7, ,     3.0, ,    17.8, ,     4.7, 
 1974,   -13.3, ,   -13.4, ,    -7.4, ,     1.3, ,     6.0, ,    15.0, ,    17.3, ,    15.9, ,     9.7, ,     2.9, ,    -1.1, ,    -7.1, ,     2.2, ,   -11.1, ,     0.0, ,    16.1, ,     3.8, 
 1975,   -11.7, ,   -11.1, ,    -6.1, ,    -0.6, ,    11.2, ,    15.0, ,    19.2, ,    16.4, ,    11.3, ,     5.6, ,     0.4, ,   -11.9, ,     3.1, ,   -10.0, ,     1.5, ,    16.9, ,     5.8, 
 1976,   -15.5, ,   -10.9, ,    -6.0, ,     2.4, ,     9.3, ,    16.3, ,    16.3, ,    16.3, ,    10.5, ,     3.2, ,    -4.2, ,   -15.0, ,     1.9, ,   -12.8, ,     1.9, ,    16.3, ,     3.2, 
 1977,   -15.1, ,   -10.8, ,    -1.4, ,     0.9, ,    10.4, ,    13.7, ,    16.7, ,    15.7,E,     9.8, ,     5.1, ,    -0.5, ,    -9.4, ,     2.9,E,   -13.6, ,     3.3, ,    15.4,E,     4.8, 
 1978,   -13.6, ,   -13.3, ,    -8.2, ,     0.0, ,    11.4, ,    15.1, ,    16.7, ,    16.3, ,     8.5, ,     4.3, ,    -2.7, ,   -10.0,E,     2.0,E,   -12.1, ,     1.1, ,    16.0, ,     3.4, 
 1979,   -11.3, ,   -15.6, ,    -1.8, ,     2.7, ,    10.7, ,    14.9, ,    18.3, ,    15.0, ,    11.2, ,     5.7, ,     1.3, ,    -8.2, ,     3.6, ,   -12.3,E,     3.9, ,    16.1, ,     6.1, 
 1980,   -12.4,E,   -12.7, ,    -5.2,E,     3.3, ,     9.1, ,    13.0, ,    16.6, ,    17.3,E,     9.4, ,     2.9, ,    -3.6, ,   -14.2, ,     2.0,E,   -11.1,E,     2.4,E,    15.6,E,     2.9, 
 1981,   -16.8, ,    -4.8, ,    -4.3, ,     2.9, ,    10.7,E,    14.4, ,    16.9, ,    15.5, ,    10.1, ,     3.5, ,    -1.8, ,    -7.2, ,     3.3,E,   -11.9, ,     3.1,E,    15.6, ,     3.9, 
 1982,   -19.1, ,   -13.6, ,    -7.0, ,    -0.8, ,     9.6, ,    12.9, ,    15.9, ,    13.7, ,    11.4, ,     5.8, ,    -0.8, ,    -6.6, ,     1.8, ,   -13.3, ,     0.6, ,    14.2, ,     5.5, 
 1983,   -11.0, ,    -9.7, ,    -3.8, ,     2.7, ,     8.0, ,    15.0, ,    17.1,E,    16.7, ,    12.9, , -9999.9,M,    -0.7,E,   -11.3, , -9999.9,M,    -9.1, ,     2.3, ,    16.3,E, -9999.9,M
 1984,   -14.4, ,    -5.7, ,    -9.0,E,     2.6,E,     7.7,E,    14.3, ,    17.1,E,    17.6,E,     9.2,E,     5.8, ,    -1.3, ,    -8.1, ,     3.0,E,   -10.5, ,     0.4,E,    16.3,E,     4.6,E
 1985,   -16.0,E,    -9.6, ,    -6.9, ,     0.1,E,     8.7, ,    12.6, ,    16.9,E,    15.0, ,    12.2,E,     5.4, ,    -3.0,E,   -11.9, ,     2.0,E,   -11.2,E,     0.6,E,    14.8,E,     4.9,E
 1986,   -12.8,E,   -12.3, , -9999.9,M,     5.1,E, -9999.9,M,    12.2, ,    15.7, ,    15.1, ,     9.7, ,     4.3, ,    -4.4, ,    -9.2,E, -9999.9,M,   -12.3,E, -9999.9,M,    14.3, ,     3.2, 
 1987,   -12.6,E,   -13.0,E,    -3.2, ,     5.7,E,     9.7, ,    15.0,E,    17.3,E,    14.7, ,    11.3,E,     4.9, ,    -3.0,E,    -7.4, ,     3.3,E,   -11.6,E,     4.1,E,    15.7,E,     4.4,E
 1988,   -12.0,E,   -11.9,E,    -6.6, ,     2.3, ,    11.1, ,    13.8, ,    18.1, ,    16.5, ,    10.7, ,     3.1, ,    -0.4, ,   -11.3,E,     2.8,E,   -10.4,E,     2.3, ,    16.1, ,     4.5, 
 1989,   -11.6, ,   -13.0, ,    -8.4, ,     0.7, ,    12.3, ,    14.8, ,    17.0, ,    16.1,E,    12.4, ,     6.2,E,    -4.1, ,   -17.9, ,     2.0,E,   -12.0,E,     1.5, ,    16.0,E,     4.8,E
 1990,    -7.9, ,   -11.9, ,    -5.4, ,     2.3, ,     8.0, ,    14.6, ,    17.3, ,    17.0, ,    10.9, ,     5.5, ,    -1.4, ,    -7.8, ,     3.4, ,   -12.6, ,     1.6, ,    16.3, ,     5.0, 
 1991,   -14.4, ,    -9.8, ,    -4.5, ,     3.1, ,    10.6, ,    15.2, ,    17.2, ,    17.2, ,     9.6, ,     6.0, ,    -1.5, ,   -11.0, ,     3.1, ,   -10.7, ,     3.1, ,    16.5, ,     4.7, 
 1992,   -13.8, ,   -12.3, ,    -8.1, ,     1.1, ,    10.0, ,    14.5, ,    14.4, ,    16.0, ,    11.9,E,     3.2, ,    -2.1, ,    -8.1, ,     2.2,E,   -12.4, ,     1.0, ,    15.0, ,     4.3,E
 1993,   -13.1, ,   -16.4, ,    -5.8, ,     3.1, ,     9.8, ,    14.4, ,    17.6, ,    17.3, ,    11.2, ,     2.6, ,    -2.7, ,    -9.4, ,     2.4, ,   -12.5, ,     2.4, ,    16.4, ,     3.7, 
 1994,   -19.0, ,   -14.1, ,    -5.3, ,     1.1, ,     8.1, ,    16.2,E,    18.6, ,    14.8, ,    10.5, ,     6.8,E,    -0.1, ,    -7.2,E,     2.5,E,   -14.2, ,     1.3, ,    16.5,E,     5.7,E
 1995,    -9.6, ,   -13.5, ,    -3.5, ,    -0.2, ,     9.1, ,    16.1, ,    18.8, ,    16.8, ,     9.7, ,     7.4, ,    -4.1, ,   -11.1,E,     3.0,E,   -10.1,E,     1.8, ,    17.2, ,     4.3, 
 1996,   -13.9, ,   -11.4,E,    -6.4, ,     1.8, ,     7.8, ,    15.7,E,    16.9, ,    16.3, ,    11.7, ,     4.6, ,    -3.0, ,    -5.5, ,     2.9,E,   -12.1,E,     1.1, ,    16.3,E,     4.4, 
 1997,   -13.9,E,   -11.2, ,    -8.3, ,     0.4, ,     6.6, ,    14.8, ,    17.1, ,    15.0, ,    11.1, ,     4.4, ,    -2.6, ,    -8.8,E,     2.1,E,   -10.2,E,    -0.4, ,    15.6, ,     4.3, 
 1998,   -10.7, ,    -6.7, ,    -3.9, ,     3.4, ,    13.2, ,    15.3, ,    17.2, ,    16.4, ,    12.0, ,     5.5, ,    -1.6, ,    -6.5, ,     4.5, ,    -8.7,E,     4.2, ,    16.3, ,     5.3, 
 1999,   -13.3, ,    -8.2, ,    -2.7, ,     2.0, ,    12.1, ,    16.5, ,    17.8, ,    15.4, ,    14.3, ,     2.7, ,    -0.4, ,    -8.4, ,     4.0, ,    -9.3, ,     3.8, ,    16.6, ,     5.5, 
 2000,   -14.2, ,   -10.7, ,    -1.6,E,     2.1,E,     8.8,E,    13.6, ,    15.9, ,    16.1,E,    10.7,E,     4.8, ,    -0.3,E,   -12.1, ,     2.8,E,   -11.1, ,     3.1,E,    15.2,E,     5.1,E
 2001, -9999.9,M,   -11.2, ,    -6.9, ,     1.7, ,    12.0, ,    15.8, ,    16.1, ,    17.5, ,    12.3, ,     6.5,E,     0.3, ,    -4.1, , -9999.9,M, -9999.9,M,     2.3, ,    16.5, ,     6.4,E
 2002,    -9.6, ,    -9.9,E,    -6.8, ,     2.3, ,     7.9, ,    13.7, ,    17.8,E,    17.4, ,    14.1,E,     3.1, ,    -3.3,E,    -8.5,E,     3.2,E,    -7.9,E,     1.1, ,    16.3,E,     4.6,E
 2003,   -16.0, ,   -14.9, ,    -6.6, ,     0.4, ,     9.1, ,    15.4, ,    17.0, ,    17.5,E,    13.5, ,     4.7,E,    -1.1, ,    -8.0, ,     2.6,E,   -13.1,E,     1.0, ,    16.6,E,     5.7,E
 2004,   -18.6, ,   -11.4, ,    -4.4, ,     2.5, ,     9.9, ,    12.8, ,    17.2, ,    16.1, ,    11.8, ,     5.6, ,    -2.3, ,   -11.8, ,     2.3, ,   -12.7, ,     2.7, ,    15.4, ,     5.0, 
 2005,   -15.1, ,    -9.4, , -9999.9,M,     3.1, ,     8.1,E,    16.6, ,    17.4, ,    16.4, ,    12.9, ,     7.6, , -9999.9,M,    -9.4, , -9999.9,M,   -12.1, , -9999.9,M,    16.8, , -9999.9,M
 2006,    -8.4, ,   -12.3, ,    -4.4,E,     3.7, ,    10.7,E,    16.2, ,    18.7,E,    14.6, ,    11.1, ,     4.9, , -9999.9,M,    -5.9, , -9999.9,M,   -10.0, ,     3.3,E,    16.5,E, -9999.9,M
 2007,   -12.0, ,   -14.8, ,    -6.0,E,     1.1, ,     9.3,E,    15.3,E,    16.4,E,    14.5,E,    12.3, ,     7.9,E,    -3.3, ,   -10.4, ,     2.5,E,   -10.9, ,     1.5,E,    15.4,E,     5.6,E
 2008,   -10.4,E,   -11.1,E,    -8.6, , -9999.9,M,     8.6, ,    15.7, ,    17.7, ,    15.9, ,    12.0,E,     4.7, ,    -0.5,E,   -10.6, , -9999.9,M,   -10.6,E, -9999.9,M,    16.4, ,     5.4,E
 2009,   -17.5, ,    -9.7,E,    -5.5, ,     4.1, ,     8.6, ,    13.9, ,    16.0,E,    17.7,E,    11.4,E,     3.2,E,     1.5,E,    -9.0,E,     2.9,E,   -12.6,E,     2.4, ,    15.9,E,     5.4,E
 2010,    -8.9,E,    -6.9,E,    -1.1,E,     5.6,E,    11.7,E,    14.8, ,    19.5, ,    16.9, ,    12.6, ,     4.4, ,    -1.4, ,    -6.7, ,     5.0,E,    -8.3,E,     5.4,E,    17.1, ,     5.2, 
 2011,   -10.4, ,   -10.4,E, -9999.9,M,     1.9, ,    10.1, ,    15.7, ,    18.6, ,    17.1, ,    13.9, ,     6.4, ,     2.4, ,    -6.1, , -9999.9,M,    -9.2,E, -9999.9,M,    17.1, ,     7.6, 
 2012,    -9.8, ,    -8.2, ,     0.6, ,     3.6, ,    11.7, ,    15.5, ,    18.3, ,    18.2, ,    11.4, , -9999.9,M,    -2.5, ,    -6.7, , -9999.9,M,    -8.0, ,     5.3, ,    17.3, , -9999.9,M
 2013,   -11.8, ,   -10.0, , -9999.9,M,     2.1, ,    11.0, ,    14.6, ,    19.1, ,    16.3, ,    12.7, ,     6.6, ,    -2.4, ,   -11.5, , -9999.9,M,    -9.5, , -9999.9,M,    16.7, ,     5.6, 
 2014,   -13.2, ,   -12.1, ,    -9.8, ,     2.6, ,    10.3, ,    16.2, ,    18.1, ,    17.0, ,    12.6, ,     7.8, ,    -2.0, ,    -5.8, ,     3.5, ,   -12.3, ,     1.0, ,    17.1, ,     6.1, 
 2015,   -14.1, ,   -17.6, ,    -7.8, ,     1.6, ,    12.3, ,    13.7, ,    16.9, ,    18.4, ,    15.2, ,     3.9, ,     0.9, ,    -2.5, ,     3.4, ,   -12.5, ,     2.0, ,    16.3, ,     6.7, 
 2016,   -10.3, ,    -9.8, ,    -5.1, ,    -0.1, ,    11.0, ,    15.0, ,    17.8, ,    17.6, ,    14.3, ,     6.3, ,     1.3,E,    -8.9, ,     4.1,E,    -7.5, ,     1.9, ,    16.8, ,     7.3,E
 2017,    -8.7, ,    -8.9, ,    -7.8, ,     4.4, ,     9.8, ,    15.1, ,    17.0, ,    15.5, ,    14.8, ,     9.3, ,    -2.4, ,   -12.1, ,     3.8, ,    -8.8, ,     2.1, ,    15.9, ,     7.2, 
 2018,   -12.6, ,    -7.8, ,    -3.8, ,    -0.3, ,    10.8, ,    13.9, ,    19.6, ,    18.5, ,    12.8, ,     3.2, ,    -4.4, ,    -8.9, ,     3.4, ,   -10.8, ,     2.2, ,    17.3, ,     3.9, 
 2019,   -13.6, ,   -11.7, ,    -6.2, ,     1.4, , -9999.9,M,    14.1, ,    19.2, ,    16.6,E, -9999.9,M,     6.4, , -9999.9,M, -9999.9,M, -9999.9,M,   -11.4, , -9999.9,M,    16.6,E, -9999.9,M
