8104700,ST_GEORGE           ,NB  , station not joined, Monthly mean of homogenized daily mean temperature                     , Deg Celcius,          Updated to December 2019
8104700,ST_GEORGE           ,NB  , station non jointe, Moyenne mensuelle des temperatures quotidiennes moyennes homogeneisees , Deg Celsius, Mise a jour jusqu a decembre 2019
 Year,     Jan, ,     Feb, ,     Mar, ,     Apr, ,     May, ,     Jun, ,     Jul, ,     Aug, ,     Sep, ,     Oct, ,     Nov, ,     Dec, ,  Annual, ,  Winter, ,  Spring, ,  Summer, ,  Autumn
Annee,    Janv, ,     Fev, ,    Mars, ,     Avr, ,     Mai, ,    Juin, ,    Juil, ,    Aout, ,    Sept, ,     Oct, ,     Nov, ,     Dec, ,  Annuel, ,   Hiver, ,Printemp, ,     Ete, , Automne
 1919, -9999.9,M, -9999.9,M, -9999.9,M, -9999.9,M, -9999.9,M, -9999.9,M,    16.0, ,    13.5, ,    11.5, , -9999.9,M, -9999.9,M,    -9.6, , -9999.9,M, -9999.9,M, -9999.9,M, -9999.9,M, -9999.9,M
 1920,   -15.3, , -9999.9,M,    -1.0, ,     3.3, ,     8.7, ,    13.5, ,    16.6, ,    17.4, , -9999.9,M,     9.6, ,    -0.2, ,    -4.3, , -9999.9,M, -9999.9,M,     3.7, ,    15.8, , -9999.9,M
 1921,    -7.0, ,    -6.7, ,     1.2, ,     6.5, ,    10.5, ,    14.4, ,    17.8, ,    15.6, ,    14.4, , -9999.9,M, -9999.9,M, -9999.9,M, -9999.9,M,    -6.0, ,     6.1, ,    15.9, , -9999.9,M
 1922, -9999.9,M, -9999.9,M, -9999.9,M, -9999.9,M, -9999.9,M, -9999.9,M, -9999.9,M,    16.8, ,    12.4, ,     7.6, ,     0.8, ,    -7.5, , -9999.9,M, -9999.9,M, -9999.9,M, -9999.9,M,     6.9, 
 1923,   -10.8, ,   -14.5, ,    -7.0, ,     1.6, ,     8.4, , -9999.9,M,    15.6, ,    14.7, ,    12.7, ,     7.7, ,     3.7, ,    -1.4, , -9999.9,M,   -10.9, ,     1.0, , -9999.9,M,     8.0, 
 1924,    -7.0, ,   -10.1, ,    -1.1, ,     2.3, ,     8.4, ,    13.3, ,    16.3, ,    15.9, ,    11.5, ,     7.6, ,     2.1, ,    -7.0, ,     4.4, ,    -6.2, ,     3.2, ,    15.2, ,     7.1, 
 1925,   -10.3, ,    -3.8, ,    -0.3, ,     3.7, ,     7.1, ,    13.6, ,    15.6, ,    15.7, ,    11.2, ,     4.5, ,     0.1, ,    -6.3, ,     4.2, ,    -7.0, ,     3.5, ,    15.0, ,     5.3, 
 1926,    -9.7, ,    -9.8, ,    -6.7, ,     0.5, ,     7.8, ,    11.7, ,    16.0, ,    15.0, ,    10.9, ,     6.6, ,     2.0, ,    -7.9, ,     3.0, ,    -8.6, ,     0.5, ,    14.2, ,     6.5, 
 1927,    -6.5, ,    -9.2, ,    -1.2, ,     2.6, ,     7.8, ,    12.2, ,    16.8, ,    15.4, ,    12.9, ,     9.4, ,     3.5, ,    -2.9, ,     5.1, ,    -7.9, ,     3.1, ,    14.8, ,     8.6, 
 1928,    -6.9, ,    -8.6, ,    -2.3, ,     3.4, ,     9.7, ,    13.0, ,    17.0, ,    17.2, ,    12.0, ,     7.3, ,     1.2, ,    -2.2, ,     5.1, ,    -6.1, ,     3.6, ,    15.7, ,     6.8, 
 1929,    -7.7, ,    -7.8, ,    -1.8, ,     3.1, ,     9.5, ,    13.6, ,    16.3, ,    16.1, ,    13.6, ,     7.4, ,     1.4, ,    -6.6, ,     4.8, ,    -5.9, ,     3.6, ,    15.3, ,     7.5, 
 1930,    -7.9, ,    -8.1, ,    -2.3, ,     3.1, ,     9.5, ,    16.0, ,    17.1, ,    15.7, ,    13.8, ,     9.6, ,     2.2, ,    -5.3, ,     5.3, ,    -7.5, ,     3.4, ,    16.3, ,     8.5, 
 1931,    -8.7, ,    -7.0, ,     0.2, ,     5.1, ,     9.6, ,    14.6, ,    17.2, ,    17.1, ,    12.8, ,     9.1, ,     4.3, ,    -3.9, ,     5.9, ,    -7.0, ,     5.0, ,    16.3, ,     8.7, 
 1932,    -3.1, ,    -9.8, ,    -3.8, ,     3.9, ,     8.9, ,    13.5, ,    16.1, ,    17.4, ,    13.7, ,     9.1, ,     1.2, ,    -3.1, ,     5.3, ,    -5.6, ,     3.0, ,    15.7, ,     8.0, 
 1933,    -3.8, ,    -4.2, ,    -2.9, ,     3.7, ,     9.6, ,    13.7, ,    16.5, ,    16.4, ,    13.0, ,     7.3, ,    -2.2, ,    -8.5, ,     4.9, ,    -3.7, ,     3.5, ,    15.5, ,     6.0, 
 1934,   -10.2, ,   -12.3, ,    -4.4, ,     4.9, ,     9.1, ,    13.2, ,    17.0, ,    15.4, ,    14.6, ,     6.4, ,     2.8, ,    -7.2, ,     4.1, ,   -10.3, ,     3.2, ,    15.2, ,     7.9, 
 1935,   -10.4, ,    -9.3, ,    -4.1, ,     3.4, ,     8.6, ,    13.7, ,    17.8, ,    18.3, ,    12.0, ,     6.7, ,     2.8, ,    -6.7, ,     4.4, ,    -9.0, ,     2.6, ,    16.6, ,     7.2, 
 1936,    -7.2, ,    -9.5, ,     1.6, ,     3.2, ,     8.6, ,    14.1, ,    15.7, ,    16.4, ,    12.6, ,     7.2, ,    -0.2, ,    -3.6, ,     4.9, ,    -7.8, ,     4.5, ,    15.4, ,     6.5, 
 1937,    -3.7, ,    -4.0, ,    -2.7, ,     3.9, ,    10.7, ,    15.1, ,    18.5, ,    19.1, ,    14.2, ,     7.5, ,     1.9, ,    -5.9, ,     6.2, ,    -3.8, ,     4.0, ,    17.6, ,     7.9, 
 1938,    -7.8, ,    -7.7, ,    -3.3, ,     5.2, ,     8.7, ,    15.2, ,    17.6, ,    20.2, ,    13.8, ,     9.3, ,     3.3, ,    -2.7, ,     6.0, ,    -7.1, ,     3.5, ,    17.7, ,     8.8, 
 1939,    -7.4, ,    -6.9, ,    -4.4, ,     4.0, ,    10.8, ,    15.6, ,    18.8, ,    20.1, ,    14.1, ,     8.1, ,     1.0, ,    -3.3, ,     5.9, ,    -5.7, ,     3.5, ,    18.2, ,     7.7, 
 1940,    -9.6, ,    -5.6, ,    -1.7, ,     4.1, ,    11.4, ,    14.7, ,    18.5, ,    17.4, ,    14.5, ,     6.6, ,     3.5, ,    -4.4, ,     5.8, ,    -6.2, ,     4.6, ,    16.9, ,     8.2, 
 1941,    -9.2, ,    -5.5, ,    -4.6, ,     4.5, ,     9.9, ,    13.9, ,    16.3, ,    15.8, ,    13.5, ,     7.5, ,     2.8, ,    -3.9, ,     5.1, ,    -6.4, ,     3.3, ,    15.3, ,     7.9, 
 1942,    -7.7, ,    -6.9, ,     2.1, ,     5.7, ,    12.1, ,    15.7, ,    18.4, ,    17.6, ,    13.7, ,     8.0, , -9999.9,M, -9999.9,M, -9999.9,M,    -6.2, ,     6.6, ,    17.2, , -9999.9,M
 1943, -9999.9,M,    -5.6, ,    -2.3, ,     3.3, ,    11.0, ,    15.2, ,    18.2, ,    18.0, ,    13.6, ,     8.6, ,     2.2, ,    -6.2, , -9999.9,M, -9999.9,M,     4.0, ,    17.1, ,     8.1, 
 1944,    -4.0, ,    -6.2, ,    -1.3, ,     4.7, ,    12.8, ,    15.5, ,    19.4, ,    19.9, ,    15.7, ,     9.2, ,     3.6, ,    -3.2, ,     7.2, ,    -5.5, ,     5.4, ,    18.3, ,     9.5, 
 1945,    -8.1, ,    -4.4, ,     2.4, ,     7.2, ,     9.8, ,    15.3, ,    18.6, ,    18.4, ,    15.7, ,     8.1, ,     3.0, ,    -4.8, ,     6.8, ,    -5.2, ,     6.5, ,    17.4, ,     8.9, 
 1946,    -6.4, , -9999.9,M,     4.6, ,     5.7, ,    11.3, ,    15.8, ,    17.4, ,    17.5, ,    14.6, ,     9.2, ,     2.7, ,    -4.3, , -9999.9,M, -9999.9,M,     7.2, ,    16.9, ,     8.8, 
 1947,    -6.5, ,    -4.6, ,    -0.7, ,     2.6, ,    10.2, ,    13.5, ,    18.2, ,    19.0, , -9999.9,M,    10.5, ,     2.1, ,    -6.1, , -9999.9,M,    -5.1, ,     4.0, ,    16.9, , -9999.9,M
 1948,    -9.3, ,   -11.2, ,    -3.9, ,     2.9, ,     8.4, ,    13.0, ,    17.6, ,    17.3, ,    13.1, ,     7.9, ,     4.7, ,    -2.9, ,     4.8, ,    -8.9, ,     2.5, ,    16.0, ,     8.6, 
 1949,    -5.8, ,    -7.3, ,    -1.8, ,     5.1, ,     9.4, ,    14.6, ,    17.9, ,    18.2, ,    13.0, ,     9.1, ,     1.9, ,    -1.8, ,     6.0, ,    -5.3, ,     4.2, ,    16.9, ,     8.0, 
 1950,    -4.3, ,    -8.7, ,    -3.7, ,     3.8, ,    10.0, ,    14.0, ,    16.5, ,    16.5, ,    11.5, ,     8.1, ,     4.6, ,    -1.4, ,     5.6, ,    -4.9, ,     3.4, ,    15.7, ,     8.1, 
 1951,    -5.1, ,    -3.6, ,    -0.5, ,     6.1, ,     9.9, ,    14.3, ,    17.9, ,    17.1, ,    14.2, ,     8.7, ,     1.1, , -9999.9,M, -9999.9,M,    -3.4, ,     5.2, ,    16.4, ,     8.0, 
 1952, -9999.9,M, -9999.9,M, -9999.9,M, -9999.9,M,     9.5, ,    15.1, ,    19.4, ,    17.2, ,    12.9, ,     6.3, , -9999.9,M,    -4.1, , -9999.9,M, -9999.9,M, -9999.9,M,    17.2, , -9999.9,M
 1953,    -3.6, ,    -4.0, ,    -0.3, ,     6.9, ,    10.1, ,    14.7, ,    17.9, ,    16.3, ,    13.8, ,     9.1, ,     3.8, ,     0.3, ,     7.1, ,    -3.9, ,     5.6, ,    16.3, ,     8.9, 
 1954,    -8.9, ,    -2.7, ,    -1.0, ,     3.8, ,     9.4, ,    14.4, ,    16.4, ,    16.1, ,    12.7, ,     9.9, ,     3.2, ,    -1.8, ,     6.0, ,    -3.8, ,     4.1, ,    15.6, ,     8.6, 
 1955,    -7.3, ,    -4.7, ,    -2.5, ,     4.6, ,     9.7, ,    13.8, ,    18.3, ,    17.9, ,    12.2, ,     8.2, ,     1.9, ,    -8.3, ,     5.3, ,    -4.6, ,     3.9, ,    16.7, ,     7.4, 
 1956,    -3.1, ,    -7.0, ,    -4.8, ,     3.1, ,     7.2, ,    13.5, ,    16.2, ,    15.0, ,    11.4, ,     7.7, ,     3.1, ,    -3.4, ,     4.9, ,    -6.1, ,     1.8, ,    14.9, ,     7.4, 
 1957,   -12.3, ,    -4.5, ,    -1.0, ,     4.5, ,    10.1, ,    14.0, , -9999.9,M,    16.1, ,    13.4, ,     8.7, ,     4.4, ,    -0.9, , -9999.9,M,    -6.7, ,     4.5, , -9999.9,M,     8.8, 
 1958,    -3.1, ,    -7.2, ,     1.3, ,     5.7, ,     8.3, ,    12.2, ,    17.1, ,    16.6, ,    13.5, ,     6.8, ,     2.3, ,    -7.6, ,     5.5, ,    -3.7, ,     5.1, ,    15.3, ,     7.5, 
 1959,    -7.1, ,    -9.1, ,    -2.7, ,     4.6, ,    11.0, ,    12.4, ,    17.0, ,    17.5, ,    14.0, ,     7.9, ,     2.4, ,    -2.8, ,     5.4, ,    -7.9, ,     4.3, ,    15.6, ,     8.1, 
 1960,    -7.1, ,    -2.7, ,    -2.7, ,     3.1, ,    10.9, ,    14.6, ,    16.6, ,    17.0, ,    13.4, ,     6.7, ,     2.9, , -9999.9,M, -9999.9,M,    -4.2, ,     3.8, ,    16.1, ,     7.7, 
 1961,   -11.6, ,    -7.6, ,    -3.0, ,     3.3, ,     8.7, ,    13.4, ,    16.5, ,    16.4, ,    14.7, ,     9.6, ,     4.3, ,    -2.5, ,     5.2, , -9999.9,M,     3.0, ,    15.4, ,     9.5, 
 1962,    -7.0, , -9999.9,M,    -0.6, ,     3.9, ,     9.0, ,    13.3, ,    14.3, ,    15.6, ,    12.3, ,     6.9, ,     2.0, ,    -3.7, , -9999.9,M, -9999.9,M,     4.1, ,    14.4, ,     7.1, 
 1963,    -4.8, ,   -10.2, ,    -3.2, , -9999.9,M, -9999.9,M, -9999.9,M, -9999.9,M,    15.6, , -9999.9,M,     8.7, ,     4.5, , -9999.9,M, -9999.9,M,    -6.2, , -9999.9,M, -9999.9,M, -9999.9,M
 1964,    -6.4, ,    -7.8, ,    -2.8, ,     2.9, ,     9.7, ,    14.3, ,    16.0, ,    14.6, ,    11.6, ,     7.9, ,     1.5, ,    -5.1, ,     4.7, , -9999.9,M,     3.3, ,    15.0, ,     7.0, 
 1965,    -9.6, ,    -8.5, ,    -1.6, , -9999.9,M,     9.1, ,    14.7, ,    16.1, ,    15.7, ,    12.4, ,     6.6, ,     0.9, ,    -4.5, , -9999.9,M,    -7.7, , -9999.9,M,    15.5, ,     6.6, 
 1966,    -5.8, ,    -6.0, ,     0.3, ,     3.5, ,     8.7, ,    13.7, ,    16.2, ,    17.1, ,    12.1, ,     7.8, ,     4.7, ,    -2.3, ,     5.8, ,    -5.4, ,     4.2, ,    15.7, ,     8.2, 
 1967,    -5.0, ,    -9.3, ,    -4.5, ,     2.8, ,     7.1, ,    14.5, ,    16.4, ,    16.6, ,    13.3, ,     8.8, ,     2.4, ,    -2.7, ,     5.0, ,    -5.5, ,     1.8, ,    15.8, ,     8.2, 
 1968,    -9.8, ,    -7.8, , -9999.9,M,     5.7, ,     9.2, ,    13.2, ,    18.6, ,    16.2, ,    14.3, ,    10.6, ,     0.4, ,    -4.7, , -9999.9,M,    -6.8, , -9999.9,M,    16.0, ,     8.4, 
 1969,    -5.4, ,    -3.8, ,    -1.7, ,     3.3, ,     9.6, ,    14.8, ,    16.4, ,    17.2, ,    13.4, ,     7.9, ,     3.8, ,    -2.3, ,     6.1, ,    -4.6, ,     3.7, ,    16.1, ,     8.4, 
 1970,   -10.6, ,    -5.9, ,    -1.7, ,     3.6, ,     9.8, ,    13.5, ,    17.2, ,    17.1, ,    13.2, ,     8.6, ,     3.3, ,    -7.8, ,     5.0, ,    -6.3, ,     3.9, ,    15.9, ,     8.4, 
 1971,   -10.3, ,    -6.3, ,    -1.7, ,     4.5, ,    10.8, ,    14.2, ,    17.4, ,    17.7, ,    14.6, ,     9.8, ,     1.2, ,    -4.7, ,     5.6, ,    -8.1, ,     4.5, ,    16.4, ,     8.5, 
 1972,    -6.1, ,    -6.2, ,    -3.7, ,     2.8, ,    10.0, ,    13.9, ,    16.6, ,    16.4, , -9999.9,M,     6.9, ,     0.7, ,    -6.2, , -9999.9,M,    -5.7, ,     3.0, ,    15.6, , -9999.9,M
 1973,    -6.2, ,    -6.3, ,     1.0, ,     5.2, ,     9.0, ,    14.8, ,    18.8, ,    18.4, ,    13.0, ,     8.3, ,     1.7, ,     0.6, ,     6.5, ,    -6.2, ,     5.1, ,    17.3, ,     7.7, 
 1974,    -7.0, ,    -6.8, ,    -1.6, ,     4.5, ,     8.4, ,    15.0, ,    16.5, ,    18.6, ,    13.0, ,     5.3, ,     2.4, ,    -1.9, ,     5.5, ,    -4.4, ,     3.8, ,    16.7, ,     6.9, 
 1975,    -5.8, ,    -8.0, ,    -2.4, ,     3.2, ,    10.1, ,    15.4, ,    17.1, ,    17.5, ,    13.3, ,     8.4, ,     4.2, ,    -5.7, ,     5.6, ,    -5.2, ,     3.6, ,    16.7, ,     8.6, 
 1976,    -9.1, ,    -4.1, ,    -1.6, ,     5.6, ,     9.8, ,    15.6, ,    17.4, ,    17.5, ,    13.3, , -9999.9,M, -9999.9,M,    -6.8, , -9999.9,M,    -6.3, ,     4.6, ,    16.8, , -9999.9,M
 1977,    -9.2, ,    -6.8, ,     2.2, ,     4.7, ,    11.3, ,    13.6, ,    18.0, ,    16.6, ,    12.8, ,     8.6, ,     3.7, ,    -4.8, ,     5.9, ,    -7.6, ,     6.1, ,    16.1, ,     8.4, 
 1978,    -8.2, ,    -7.9, ,    -2.7, ,     3.2, ,    10.6, ,    13.3, ,    17.1, ,    17.2, ,    11.3, ,     7.0, ,     0.1, ,    -4.4, ,     4.7, ,    -7.0, ,     3.7, ,    15.9, ,     6.1, 
 1979,    -5.1, ,    -9.2, ,     0.2, ,     4.4, ,    11.0, ,    14.6, ,    17.9, ,    16.0, ,    13.1, ,     7.6, ,     5.3, ,    -2.4, ,     6.1, ,    -6.2, ,     5.2, ,    16.2, ,     8.7, 
 1980,    -6.1, ,    -7.7,E,    -2.6, ,     5.2, ,     9.7, ,    13.3, ,    16.7, ,    17.8, ,    12.1, ,     6.7, ,     1.5, ,    -8.1,E,     4.9,E,    -5.4,E,     4.1, ,    15.9, ,     6.8, 
 1981,   -11.5, ,    -1.6, ,    -0.5, ,     5.1, ,    10.3, ,    14.2, , -9999.9,M, -9999.9,M, -9999.9,M, -9999.9,M, -9999.9,M, -9999.9,M, -9999.9,M,    -7.1,E,     5.0, , -9999.9,M, -9999.9,M
