8400698,BUCHANS             ,NFLD, station not joined, Monthly mean of homogenized daily mean temperature                     , Deg Celcius,          Updated to December 2019
8400698,BUCHANS             ,NFLD, station non jointe, Moyenne mensuelle des temperatures quotidiennes moyennes homogeneisees , Deg Celsius, Mise a jour jusqu a decembre 2019
 Year,     Jan, ,     Feb, ,     Mar, ,     Apr, ,     May, ,     Jun, ,     Jul, ,     Aug, ,     Sep, ,     Oct, ,     Nov, ,     Dec, ,  Annual, ,  Winter, ,  Spring, ,  Summer, ,  Autumn
Annee,    Janv, ,     Fev, ,    Mars, ,     Avr, ,     Mai, ,    Juin, ,    Juil, ,    Aout, ,    Sept, ,     Oct, ,     Nov, ,     Dec, ,  Annuel, ,   Hiver, ,Printemp, ,     Ete, , Automne
 1943, -9999.9,M, -9999.9,M, -9999.9,M, -9999.9,M, -9999.9,M, -9999.9,M, -9999.9,M, -9999.9,M, -9999.9,M, -9999.9,M,     1.3, , -9999.9,M, -9999.9,M, -9999.9,M, -9999.9,M, -9999.9,M, -9999.9,M
 1944,    -9.4, ,   -10.0, ,    -6.6, ,    -2.1, ,     4.4, ,    11.7, ,    15.2, ,    16.5, ,    12.7, ,     5.4, ,     1.9, ,    -4.7, ,     2.9, , -9999.9,M,    -1.4, ,    14.5, ,     6.7, 
 1945,    -5.8, ,   -11.1, ,    -7.1, ,    -0.3, ,     6.1, ,    10.0, ,    16.1, ,    16.5, ,    11.0, ,     5.5, ,    -0.4, ,    -5.6, ,     2.9, ,    -7.2, ,    -0.4, ,    14.2, ,     5.4, 
 1946,    -9.9, ,    -8.4, ,    -4.3, ,    -0.4, , -9999.9,M,    10.5, ,    14.8, ,    16.0, ,    12.5, ,     5.7, ,    -1.8, ,    -6.9, , -9999.9,M,    -8.0, , -9999.9,M,    13.8, ,     5.5, 
 1947,   -10.9, ,    -5.5, ,    -5.0, ,    -4.7, ,     3.6, ,    10.6, ,    19.0, ,    14.1, ,    10.2, ,     5.2, ,     0.0, ,    -6.3, ,     2.5, ,    -7.8, ,    -2.0, ,    14.6, ,     5.1, 
 1948,    -7.7, ,   -13.1, ,   -10.5, ,    -2.2, ,     6.1, ,    10.4, ,    14.8, , -9999.9,M,    10.4, ,     5.6, ,     0.5, ,    -6.3, , -9999.9,M,    -9.0, ,    -2.2, , -9999.9,M,     5.5, 
 1949,    -8.3, ,   -11.9, ,    -3.1, ,    -0.1, ,     4.7, ,    11.0, ,    15.4, ,    13.6, ,    10.4, ,     4.7, ,    -0.7, ,    -4.1, ,     2.6, ,    -8.8, ,     0.5, ,    13.3, ,     4.8, 
 1950,   -10.1, ,   -13.6, ,    -8.9, ,    -0.3, ,     7.1, ,    11.8, ,    15.0, ,    14.9, ,     9.3, ,     4.7, ,     1.8, ,    -2.6, ,     2.4, ,    -9.3, ,    -0.7, ,    13.9, ,     5.3, 
 1951,    -6.6, ,    -5.7, ,    -2.7, ,     3.9, ,     6.2, ,    12.2, ,    16.0, ,    15.7, ,    11.2, ,     5.1, ,     0.7, ,    -6.9, ,     4.1, ,    -5.0, ,     2.5, ,    14.6, ,     5.7, 
 1952,    -7.4, ,    -7.3, ,    -3.8, ,    -0.6, ,     6.0, ,    12.1, ,    17.6, ,    16.8, ,    11.3, ,     4.7, ,     0.4, ,    -4.7, ,     3.8, ,    -7.2, ,     0.5, ,    15.5, ,     5.5, 
 1953,    -6.4, ,    -6.2, ,    -5.4, ,     3.8, ,     5.4, ,    12.3, ,    16.2, ,    13.9, ,    11.7, ,     4.9, ,     1.5, ,    -5.0, ,     3.9, ,    -5.8, ,     1.3, ,    14.1, ,     6.0, 
 1954,    -9.6, ,    -5.0, ,    -4.9, ,    -2.1, ,     5.8, ,    13.3, ,    15.4, ,    13.2, ,    10.7, ,     4.4, ,     0.4, ,    -2.8, ,     3.2, ,    -6.5, ,    -0.4, ,    14.0, ,     5.2, 
 1955,    -3.6, ,    -6.5, ,    -5.3, ,    -1.8, ,     5.2, ,    12.1, ,    14.5, ,    14.5, ,    10.0, ,     5.6, ,     0.3, ,    -7.0, ,     3.2, ,    -4.3, ,    -0.6, ,    13.7, ,     5.3, 
 1956,    -2.3, ,    -8.3, ,    -8.9, ,     0.1, ,     3.1, ,    10.6, ,    14.6, ,    13.7, ,     9.5, ,     6.0, ,     1.7, ,    -8.0, ,     2.7, ,    -5.9, ,    -1.9, ,    13.0, ,     5.7, 
 1957,   -14.7, ,   -10.6, ,    -4.8, ,    -2.2, ,     3.5, ,     9.7, ,    14.9, ,    14.7, ,    10.5, ,     5.7, ,    -0.2, ,    -2.5, ,     2.0, ,   -11.1, ,    -1.2, ,    13.1, ,     5.3, 
 1958,    -3.3, ,    -4.3, ,    -2.4, ,     2.3, ,     7.8, ,     9.8, ,    14.1, ,    14.9, ,    10.1, ,     4.1, ,    -0.2, ,    -9.2, ,     3.6, ,    -3.4, ,     2.6, ,    12.9, ,     4.7, 
 1959,    -8.2, ,   -14.0, ,    -9.5, ,     0.4, ,     5.6, ,    10.0, ,    17.2, ,    14.6, ,    10.6, ,     4.2, ,     0.7, ,    -4.4, ,     2.3, ,   -10.5, ,    -1.2, ,    13.9, ,     5.2, 
 1960,    -6.8, ,    -3.2, ,    -6.5, ,    -1.1, ,     7.8, ,    12.6, ,    15.6, ,    15.9, ,    11.3, ,     5.3, ,     0.2, ,    -5.1, ,     3.8, ,    -4.8, ,     0.1, ,    14.7, ,     5.6, 
 1961,   -11.4, ,   -15.2, ,    -7.6, ,    -0.8, ,     5.4, ,    12.4, ,    15.2, ,    15.3, ,    12.4, ,     6.5, ,     2.8, ,    -3.6, ,     2.6, ,   -10.6, ,    -1.0, ,    14.3, ,     7.2, 
 1962,    -9.6, ,   -12.0, ,    -2.4, ,    -1.7, ,     4.2, ,    10.4, ,    12.6, ,    14.4, ,     9.0, ,     4.4, ,     1.5, ,    -6.9, ,     2.0, ,    -8.4, ,     0.0, ,    12.5, ,     5.0, 
 1963,    -5.5, ,   -10.6, ,    -7.9, ,    -1.4, ,     6.0, ,     8.5, ,    15.0, ,    13.2, ,     9.7, ,     5.9, ,     1.1, ,    -6.4, ,     2.3, ,    -7.7, ,    -1.1, ,    12.2, ,     5.6, 
 1964,   -10.2, ,    -6.9, ,    -7.4, ,    -1.4, ,     4.7, ,     9.4, ,    14.4, ,    13.1, ,     9.6, ,     4.8, ,    -1.8, ,    -6.3, ,     1.8, ,    -7.8, ,    -1.4, ,    12.3, ,     4.2, 
 1965,    -8.5, ,   -10.7, ,    -4.1, ,    -2.1, ,     3.5, ,    11.3, ,    16.2, ,    15.4, ,    10.1, ,     4.4, ,    -2.0, ,    -6.0, ,     2.3, ,    -8.5, ,    -0.9, ,    14.3, ,     4.2, 
 1966,    -6.0, ,    -8.0, ,    -2.1, ,     0.3, ,     5.5, ,    12.1, ,    15.9, ,    15.2, ,    10.1, ,     5.9, , -9999.9,M,    -2.9, , -9999.9,M,    -6.7, ,     1.2, ,    14.4, , -9999.9,M
 1967,    -7.2, ,   -10.2, ,    -8.7, ,    -3.1, ,     4.1, ,    13.9, , -9999.9,M, -9999.9,M, -9999.9,M, -9999.9,M, -9999.9,M, -9999.9,M, -9999.9,M,    -6.8, ,    -2.6, , -9999.9,M, -9999.9,M
 1968, -9999.9,M, -9999.9,M, -9999.9,M, -9999.9,M, -9999.9,M,     9.0, ,    15.1, ,    12.4, ,    12.5, ,     6.7, ,    -1.4, ,    -3.7, , -9999.9,M, -9999.9,M, -9999.9,M,    12.2, ,     5.9, 
 1969,    -4.4, ,    -3.8, ,    -2.8, ,    -2.0, ,     5.0, ,    13.2, ,    14.7, ,    16.2, ,    10.3, ,     3.4, ,     2.1, ,     0.1, ,     4.3, ,    -4.0, ,     0.1, ,    14.7, ,     5.3, 
 1970,    -9.0, ,    -6.4, ,    -2.7, ,    -0.6, ,     6.4, ,    11.9, ,    16.9, ,    16.7, ,     9.4, ,     6.8, ,     2.2, ,    -6.7, ,     3.7, ,    -5.1, ,     1.0, ,    15.2, ,     6.1, 
 1971,    -8.6, ,    -8.4, ,    -2.6, ,     2.5, ,     9.3, ,    11.7, ,    15.5, ,    16.2, ,    11.4, ,     5.4, ,     1.3, ,    -8.0, ,     3.8, ,    -7.9, ,     3.1, ,    14.5, ,     6.0, 
 1972,   -10.2, ,   -12.6, ,    -6.6, ,    -1.6, ,     3.9, ,    12.8, ,    16.5, ,    14.8, ,    10.7, ,     4.2, ,    -1.7, ,   -11.0, ,     1.6, ,   -10.3, ,    -1.4, ,    14.7, ,     4.4, 
 1973,    -9.3, ,    -7.8, , -9999.9,M, -9999.9,M, -9999.9,M, -9999.9,M, -9999.9,M, -9999.9,M, -9999.9,M,     4.7, ,    -0.6, ,    -2.0, , -9999.9,M,    -9.4, , -9999.9,M, -9999.9,M, -9999.9,M
 1974,   -13.0, ,    -9.7, ,    -7.8, ,    -1.2, ,     3.1, ,    12.6, ,    14.2, ,    15.2, ,    11.0, ,     3.9, ,    -0.1, ,    -4.5, ,     2.0, ,    -8.2, ,    -2.0, ,    14.0, ,     4.9, 
 1975,   -11.3, ,   -13.9, ,    -4.7, ,    -0.7, ,     5.8, ,    12.4, ,    19.7, ,    15.2, ,    12.2, ,     5.1, ,     0.1, ,    -7.0, ,     2.7, ,    -9.9, ,     0.1, ,    15.8, ,     5.8, 
 1976,    -7.9, ,   -10.4, ,    -6.6, ,     0.9, ,     7.5, ,    12.5, ,    16.5, ,    16.4, ,    12.2, ,     4.6, ,    -1.0, ,    -6.8, ,     3.2, ,    -8.4, ,     0.6, ,    15.1, ,     5.3, 
 1977,    -7.7, ,    -9.4, ,    -3.1, ,     0.4, ,     4.8, ,    13.0, ,    15.5, ,    16.2, ,     9.3, ,     6.2, ,     3.3, ,    -5.5, ,     3.6, ,    -8.0, ,     0.7, ,    14.9, ,     6.3, 
 1978,    -7.9, ,    -7.0, ,    -6.6, ,    -1.1, ,     5.9, ,    12.7, ,    16.6, ,    15.3, ,     8.7, ,     5.1, ,    -2.6, ,    -6.3, ,     2.7, ,    -6.8, ,    -0.6, ,    14.9, ,     3.7, 
 1979,    -4.5, ,    -9.9, ,    -0.7, ,     1.4, ,     9.6, ,    14.0, ,    17.2, ,    15.2, ,    10.6,E,     6.3, ,     2.4, ,    -3.9, ,     4.8,E,    -6.9, ,     3.4, ,    15.5, ,     6.4,E
 1980,    -7.6,E,    -9.2, ,    -5.2,E,     2.0, ,     4.9, ,    11.2, ,    15.1, ,    14.2, ,     9.6, ,     4.5, ,     0.7, ,    -6.5, ,     2.8,E,    -6.9,E,     0.6,E,    13.5, ,     4.9, 
 1981,    -7.0,E,    -2.9, ,    -2.1, ,     0.7, ,     8.0, ,    11.9, ,    15.2,E,    15.5, ,    11.8,E,     5.9, ,     1.1, ,    -2.1, ,     4.7,E,    -5.5,E,     2.2, ,    14.2,E,     6.3,E
 1982,    -8.1, ,   -11.2, ,    -6.3, ,    -0.3, ,     5.9, ,    10.0, ,    16.0, ,    14.7, ,    11.0, ,     3.9, ,     1.0, ,    -4.9,E,     2.6,E,    -7.1, ,    -0.2, ,    13.6, ,     5.3, 
 1983,    -6.8, ,    -7.6, ,    -3.1, ,     4.5, ,     6.3, ,    13.1, ,    16.2, ,    13.9, ,    11.7, ,     6.3, ,     0.6, ,    -5.9, ,     4.1, ,    -6.4,E,     2.6, ,    14.4, ,     6.2, 
 1984,   -10.9, ,    -6.0, ,    -5.1, ,    -0.9, ,     8.1, ,     9.4, ,    17.2, ,    17.2, ,    10.6, ,     4.0, ,     0.7, ,    -4.5, ,     3.3, ,    -7.6, ,     0.7, ,    14.6, ,     5.1, 
 1985,    -9.7,E,    -8.3, ,    -6.8,E,    -1.2, ,     4.9, ,    12.2, ,    17.9, ,    15.3, ,    11.0, ,     4.5, ,    -1.9, ,    -5.7, ,     2.7,E,    -7.5,E,    -1.0,E,    15.1, ,     4.5, 
 1986,    -6.3,E,    -8.5, ,    -6.7,E,     3.7, ,     7.8, ,    11.5, ,    14.8, ,    15.7, ,     9.5, ,     4.7, ,    -1.7, ,    -6.3, ,     3.2,E,    -6.8,E,     1.6,E,    14.0, ,     4.2, 
 1987,    -8.4,E,    -6.4, ,    -4.1, ,     2.9, ,     7.7, ,    12.3, ,    17.5, ,    15.6,E,    10.6, ,     7.4, ,     0.0, ,    -4.1, ,     4.3,E,    -7.0,E,     2.2, ,    15.1,E,     6.0, 
 1988,    -7.5, ,    -7.3, ,    -3.5, ,     1.2, ,     9.7, ,    10.7, ,    15.9, ,    16.7, ,    11.3, ,     6.0, ,     1.6, ,    -6.2, ,     4.1, ,    -6.3, ,     2.5, ,    14.4, ,     6.3, 
 1989,    -8.8, ,   -10.1, ,    -6.8, ,     2.3, ,    10.4, ,    14.0, ,    16.0, ,    16.2, ,    12.3, ,     5.1, ,     0.2, ,    -7.4, ,     3.6, ,    -8.4, ,     2.0, ,    15.4, ,     5.9, 
 1990,    -9.1, ,   -13.7, ,    -8.5, ,     0.4, ,     5.0, ,    13.8, ,    15.9, ,    17.8, ,    12.0, ,     6.7, ,     0.1, ,    -4.2, ,     3.0, ,   -10.1, ,    -1.0, ,    15.8, ,     6.3, 
 1991,   -12.4, ,   -10.5,E,    -3.0, ,    -0.7, ,     4.9, ,    10.5, ,    15.1, ,    14.5, ,    10.7, ,     6.5, ,     1.6, ,    -7.6, ,     2.5,E,    -9.0,E,     0.4, ,    13.4, ,     6.3, 
 1992,    -9.3, ,   -10.2, ,    -6.4,E,    -0.9, ,     6.1,E,    11.4, ,    13.7, ,    16.0, ,    13.2, ,     6.4, ,    -2.5, ,    -7.1, ,     2.5,E,    -9.0, ,    -0.4,E,    13.7, ,     5.7, 
 1993,   -11.2, ,   -13.9, ,    -5.9, ,     1.7, ,     7.0, ,    11.2, ,    12.8, ,    16.5, ,    12.3, ,     4.6, ,    -0.2, ,    -3.8, ,     2.6, ,   -10.7, ,     0.9, ,    13.5, ,     5.6, 
 1994,    -9.2, ,   -13.5, ,    -4.6, ,     0.8, ,     6.4, ,    12.4, ,    17.0, ,    17.2, ,    11.6, ,     7.7, ,     1.2, ,    -5.8, ,     3.4, ,    -8.8, ,     0.9, ,    15.5, ,     6.8, 
 1995,    -7.6, ,   -12.4, ,    -5.2, ,     0.5, ,     5.8, ,    11.9, ,    17.0, ,    15.7, ,    11.5, ,     7.8, ,     1.6, ,    -4.8, ,     3.5, ,    -8.6, ,     0.4, ,    14.9, ,     7.0, 
 1996,    -7.3, ,    -4.7, ,    -3.4, ,     3.7, ,     6.2, ,    13.2, ,    16.4, ,    17.6, ,    11.3, ,     6.1, ,     0.9, ,     0.1, ,     5.0, ,    -5.6, ,     2.2, ,    15.7, ,     6.1, 
 1997,    -6.3,E,   -10.2, ,    -8.3, ,    -0.6,E,     5.9, ,    12.2, ,    17.0, ,    15.6, ,    13.0, ,     5.1, ,     0.3, ,    -4.4, ,     3.3,E,    -5.5,E,    -1.0,E,    14.9, ,     6.1, 
 1998,    -7.3, ,    -5.5,E,    -2.8, ,     1.6, ,     9.5, ,    12.8, ,    17.1, ,    16.0, ,    12.6, ,     5.8, ,     0.2, ,    -5.1, ,     4.6,E,    -5.7,E,     2.8, ,    15.3, ,     6.2, 
 1999,    -6.9, ,    -4.0, ,     0.2, ,     1.6, ,    10.8, ,    16.4, ,    17.0, ,    16.5, ,    14.7, ,     3.9, ,     0.4, ,    -3.1, ,     5.6, ,    -5.3, ,     4.2, ,    16.6, ,     6.3, 
 2000,    -6.0, ,    -7.2, ,    -2.4, ,     2.4, ,     5.4, ,    12.5, ,    16.5, ,    17.1, ,    12.1, ,     5.8, ,     1.5, ,    -4.3,E,     4.5,E,    -5.4, ,     1.8, ,    15.4, ,     6.5, 
 2001,    -7.8, ,    -8.1, ,    -3.0, ,     0.7, ,     7.3, ,    13.3, ,    16.3, ,    17.9, ,    13.7, ,     7.7, ,     1.2, ,    -1.6, ,     4.8, ,    -6.7,E,     1.7, ,    15.8, ,     7.5, 
 2002,    -9.1, ,    -7.9, ,    -5.6, , -9999.9,M,     6.4, ,    11.5, ,    16.5, ,    17.0, ,    11.7, ,     4.7, ,    -1.3, ,    -5.1, , -9999.9,M,    -6.2, , -9999.9,M,    15.0, ,     5.0, 
 2003,    -8.8, , -9999.9,M,    -8.6, ,    -0.7, ,     6.5, ,    12.4, ,    16.6, ,    15.5, ,    14.4, ,     9.3, ,     1.6, ,    -2.5, , -9999.9,M, -9999.9,M,    -0.9, ,    14.8, ,     8.4, 
 2004,    -8.8, ,    -6.6, ,    -4.9, ,     0.2, ,     5.6, ,     8.7, ,    17.8, ,    17.5, ,    10.9, ,     6.9, ,     1.1, ,    -3.7, ,     3.7, ,    -6.0, ,     0.3, ,    14.7, ,     6.3, 
 2005,    -9.6, ,    -6.0, ,    -4.0, ,     1.0, ,     7.3, ,    12.3, ,    17.1, ,    16.0, ,    11.9, ,     6.8, ,     2.5, ,    -2.7, ,     4.4, ,    -6.4, ,     1.4, ,    15.1, ,     7.1, 
 2006,    -4.2, ,    -7.1, , -9999.9,M, -9999.9,M,     9.9, ,    15.7, , -9999.9,M, -9999.9,M, -9999.9,M, -9999.9,M, -9999.9,M, -9999.9,M, -9999.9,M,    -4.7, , -9999.9,M, -9999.9,M, -9999.9,M
 2007, -9999.9,M, -9999.9,M, -9999.9,M, -9999.9,M, -9999.9,M, -9999.9,M, -9999.9,M, -9999.9,M, -9999.9,M, -9999.9,M, -9999.9,M, -9999.9,M, -9999.9,M, -9999.9,M, -9999.9,M, -9999.9,M, -9999.9,M
 2008, -9999.9,M, -9999.9,M, -9999.9,M,     0.6, ,     7.2, ,    10.9, ,    18.3, ,    16.0, ,    13.2, ,     6.6, ,     3.4, ,    -3.7, , -9999.9,M, -9999.9,M, -9999.9,M,    15.1, ,     7.7, 
 2009,    -7.9, ,    -5.9, ,    -4.9, ,     1.8, ,     7.2, ,    13.4, ,    15.1, ,    16.0, ,    11.0, ,     3.2, ,     1.8, ,    -3.8, ,     3.9, ,    -5.8, ,     1.4, ,    14.8, ,     5.3, 
 2010, -9999.9,M, -9999.9,M, -9999.9,M, -9999.9,M, -9999.9,M, -9999.9,M, -9999.9,M,    16.1, , -9999.9,M, -9999.9,M,     2.2, ,     0.3, , -9999.9,M, -9999.9,M, -9999.9,M, -9999.9,M, -9999.9,M
 2011, -9999.9,M, -9999.9,M, -9999.9,M, -9999.9,M,     7.2, ,    10.1, , -9999.9,M, -9999.9,M, -9999.9,M, -9999.9,M, -9999.9,M, -9999.9,M, -9999.9,M, -9999.9,M, -9999.9,M, -9999.9,M, -9999.9,M
